note	0.477865	0.58724	67	127
note	0.675781	0.58724	72	127
note	0.872396	0.58724	76	127
note	0.0833333	1.57682	60	127
note	0.279948	1.57682	64	127
note	1.07031	0.983073	67	127
note	1.26823	0.983073	72	127
note	1.46484	0.983073	76	127
note	2.05729	0.58724	67	127
note	2.25521	0.58724	72	127
note	2.45312	0.58724	76	127
note	1.86068	1.3776	64	127
note	1.66276	1.57682	60	127
note	2.64974	0.78125	67	127
note	2.84766	0.592448	72	127
note	3.04557	0.983073	76	127
note	3.63802	0.58724	69	127
note	3.83464	0.58724	74	127
note	4.03255	0.58724	77	127
note	3.24219	1.57682	60	127
note	3.4401	1.57682	62	127
note	4.23047	0.983073	69	127
note	4.42708	0.983073	74	127
note	4.625	0.983073	77	127
note	5.21745	0.58724	69	127
note	5.41536	0.58724	74	127
note	5.61328	0.58724	77	127
note	4.82292	1.57682	60	127
note	5.8099	0.78125	69	127
note	5.02083	1.57682	62	127
note	6.00781	0.983073	74	127
note	6.20573	0.983073	77	127
note	6.79818	0.58724	67	127
note	6.99479	0.58724	74	127
note	7.19271	0.58724	77	127
note	6.40234	1.57682	59	127
note	6.60026	1.57682	62	127
note	7.39062	0.983073	67	127
note	7.58724	0.983073	74	127
note	7.78516	0.983073	77	127
note	8.3776	0.58724	67	127
note	8.57552	0.58724	74	127
note	8.77214	0.58724	77	127
note	8.17969	1.3776	62	127
note	7.98307	1.57682	59	127
note	9.36458	0.390625	77	127
note	9.16797	0.592448	74	127
note	8.97005	0.983073	67	127
note	9.95833	0.58724	67	127
note	10.1549	0.58724	72	127
note	10.3529	0.58724	76	127
note	9.5625	1.57682	60	127
note	9.76042	1.57682	64	127
note	10.5508	0.983073	67	127
note	10.7474	0.983073	72	127
note	10.9453	0.983073	76	127
note	11.5378	0.58724	67	127
note	11.7357	0.58724	72	127
note	11.9323	0.58724	76	127
note	11.1432	1.57682	60	127
note	12.1302	0.78125	67	127
note	11.3398	1.57682	64	127
note	12.5247	0.78125	76	127
note	12.3281	0.983073	72	127
note	13.1172	0.58724	69	127
note	13.3151	0.58724	76	127
note	13.513	0.58724	81	127
note	12.7227	1.57682	60	127
note	12.9206	1.57682	64	127
note	13.7096	0.983073	69	127
note	13.9076	0.983073	76	127
note	14.1055	0.983073	81	127
note	14.6979	0.58724	69	127
note	14.8958	0.58724	76	127
note	15.0924	0.58724	81	127
note	14.5	1.3776	64	127
note	14.3021	1.57682	60	127
note	15.4883	0.592448	76	127
note	15.2904	0.983073	69	127
note	15.6849	0.592448	81	127
note	16.2773	0.58724	66	127
note	16.4753	0.58724	69	127
note	16.6732	0.58724	74	127
note	15.8828	1.57682	60	127
note	16.0807	1.57682	62	127
note	16.8698	0.983073	66	127
note	17.0677	0.983073	69	127
note	17.2656	0.983073	74	127
note	17.8581	0.58724	66	127
note	18.0547	0.58724	69	127
note	18.2526	0.58724	74	127
note	17.4622	1.57682	60	127
note	18.4505	0.592448	66	127
note	17.6602	1.57682	62	127
note	18.6471	0.651042	69	127
note	18.8451	0.78125	74	127
note	19.4375	0.58724	67	127
note	19.6354	0.58724	74	127
note	19.8333	0.58724	79	127
note	19.043	1.57682	59	127
note	19.2396	1.57682	62	127
note	20.0299	0.983073	67	127
note	20.2279	0.983073	74	127
note	20.4258	0.983073	79	127
note	21.0182	0.58724	67	127
note	21.2148	0.58724	74	127
note	21.4128	0.58724	79	127
note	20.8203	1.3776	62	127
note	20.6224	1.57682	59	127
note	22.0052	0.390625	79	127
note	21.8073	0.592448	74	127
note	21.6107	0.983073	67	127
note	22.5977	0.58724	64	127
note	22.7956	0.58724	67	127
note	22.9922	0.58724	72	127
note	22.2031	1.57682	59	127
note	22.3997	1.57682	60	127
note	23.1901	0.983073	64	127
note	23.388	0.983073	67	127
note	23.5846	0.983073	72	127
note	24.1771	0.58724	64	127
note	24.375	0.58724	67	127
note	24.5729	0.58724	72	127
note	23.7826	1.57682	59	127
note	23.9805	1.57682	60	127
note	24.7708	0.983073	64	127
note	24.9674	0.983073	67	127
note	25.1654	0.983073	72	127
note	25.7578	0.58724	64	127
note	25.9557	0.58724	67	127
note	26.1523	0.58724	72	127
note	25.3633	1.57682	57	127
note	25.5599	1.57682	60	127
note	26.3503	0.983073	64	127
note	26.5482	0.983073	67	127
note	26.7448	0.983073	72	127
note	27.3372	0.58724	64	127
note	27.5352	0.58724	67	127
note	27.7331	0.58724	72	127
note	27.1406	1.3776	60	127
note	26.9427	1.57682	57	127
note	27.9297	0.592448	64	127
note	28.1276	0.592448	67	127
note	28.3255	0.983073	72	127
note	28.918	0.58724	62	127
note	29.1146	0.58724	66	127
note	29.3125	0.58724	72	127
note	28.5221	1.57682	50	127
note	28.7201	1.57682	57	127
note	29.5104	0.983073	62	127
note	29.7083	0.983073	66	127
note	29.9049	0.983073	72	127
note	30.4974	0.58724	62	127
note	30.6953	0.58724	66	127
note	30.8932	0.58724	72	127
note	31.2878	0.390625	66	127
note	30.3008	1.3776	57	127
note	30.1029	1.57682	50	127
note	31.4857	0.390625	72	127
note	31.0898	0.983073	62	127
note	32.0781	0.58724	62	127
note	32.2747	0.58724	67	127
note	32.4727	0.58724	71	127
note	31.6823	1.57682	55	127
note	31.8802	1.57682	59	127
note	32.6706	0.983073	62	127
note	32.8672	0.983073	67	127
note	33.0651	0.983073	71	127
note	33.6576	0.58724	62	127
note	33.8555	0.58724	67	127
note	34.0521	0.58724	71	127
note	33.4596	1.3776	59	127
note	33.263	1.57682	55	127
note	34.25	0.78125	62	127
note	34.6458	0.390625	71	127
note	34.4479	0.983073	67	127
note	35.2383	0.58724	64	127
note	35.4349	0.58724	67	127
note	35.6328	0.58724	73	127
note	34.8424	1.57682	55	127
note	35.0404	1.57682	58	127
note	35.8307	0.983073	64	127
note	36.0273	0.983073	67	127
note	36.2253	0.983073	73	127
note	36.8177	0.58724	64	127
note	37.0156	0.58724	67	127
note	37.2122	0.58724	73	127
note	36.6198	1.3776	58	127
note	36.4232	1.57682	55	127
note	37.4102	0.78125	64	127
note	37.6081	0.592448	67	127
note	37.8047	0.592448	73	127
note	38.3971	0.58724	62	127
note	38.5951	0.58724	69	127
note	38.793	0.58724	74	127
note	38.0026	1.57682	53	127
note	38.2005	1.57682	57	127
note	38.9896	0.983073	62	127
note	39.1875	0.983073	69	127
note	39.3854	0.983073	74	127
note	39.9779	0.58724	62	127
note	40.1758	0.58724	69	127
note	40.3724	0.58724	74	127
note	39.7799	1.3776	57	127
note	39.5833	1.57682	53	127
note	40.7682	0.592448	69	127
note	40.5703	0.983073	62	127
note	40.9648	0.983073	74	127
note	41.5573	0.58724	62	127
note	41.7552	0.58724	65	127
note	41.9531	0.58724	71	127
note	41.1628	1.57682	53	127
note	41.3607	1.57682	56	127
note	42.1497	0.983073	62	127
note	42.3477	0.983073	65	127
note	42.5456	0.983073	71	127
note	43.138	0.58724	62	127
note	43.3346	0.58724	65	127
note	43.5326	0.58724	71	127
note	42.9401	1.3776	56	127
note	42.7422	1.57682	53	127
note	43.9271	0.592448	65	127
note	43.7305	0.983073	62	127
note	44.125	0.592448	71	127
note	44.7174	0.58724	60	127
note	44.9154	0.58724	67	127
note	45.1133	0.58724	72	127
note	44.3229	1.57682	52	127
note	44.5208	1.57682	55	127
note	45.3099	0.983073	60	127
note	45.5078	0.983073	67	127
note	45.7057	0.983073	72	127
note	46.2982	0.58724	60	127
note	46.4948	0.58724	67	127
note	46.6927	0.58724	72	127
note	47.2852	0.192708	72	127
note	47.0872	0.390625	67	127
note	46.1003	1.3776	55	127
note	45.9023	1.57682	52	127
note	46.8906	1.18229	60	127
note	47.8776	0.58724	57	127
note	48.0755	0.585938	60	127
note	48.2721	0.58724	65	127
note	47.4831	1.57682	52	127
note	47.6797	1.57682	53	127
note	48.4701	0.983073	57	127
note	48.668	0.983073	60	127
note	48.8646	0.983073	65	127
note	49.4583	0.58724	57	127
note	49.6549	0.58724	60	127
note	49.8529	0.58724	65	127
note	49.0625	1.57682	52	127
note	49.2604	1.57682	53	127
note	50.0508	0.983073	57	127
note	50.2474	0.983073	60	127
note	50.4453	0.983073	65	127
note	51.0378	0.58724	57	127
note	51.2357	0.58724	60	127
note	51.4323	0.58724	65	127
note	50.6432	1.57682	50	127
note	50.8398	1.57682	53	127
note	51.6302	0.983073	57	127
note	51.8281	0.983073	60	127
note	52.0247	0.983073	65	127
note	52.6172	0.58724	57	127
note	52.8151	0.58724	60	127
note	53.013	0.58724	65	127
note	52.4206	1.3776	53	127
note	53.2096	0.592448	57	127
note	52.2227	1.76823	50	127
note	53.4076	0.592448	60	127
note	53.6055	0.983073	65	127
note	54.1979	0.58724	55	127
note	54.3958	0.58724	59	127
note	54.5924	0.58724	65	127
note	53.8021	1.57682	43	127
note	54	1.57682	50	127
note	54.7904	0.983073	55	127
note	54.9883	0.983073	59	127
note	55.1849	0.983073	65	127
note	55.7773	0.58724	55	127
note	55.9753	0.58724	59	127
note	56.1732	0.58724	65	127
note	56.5677	0.390625	59	127
note	55.5807	1.3776	50	127
note	55.3828	1.57682	43	127
note	56.7656	0.390625	65	127
note	56.3698	0.983073	55	127
note	57.3581	0.58724	55	127
note	57.5547	0.58724	60	127
note	57.7526	0.58724	64	127
note	56.9622	1.57682	48	127
note	57.1602	1.57682	52	127
note	57.9505	0.983073	55	127
note	58.1471	0.983073	60	127
note	58.3451	0.983073	64	127
note	58.9375	0.58724	55	127
note	59.1354	0.58724	60	127
note	59.3333	0.58724	64	127
note	58.7396	1.3776	52	127
note	58.543	1.57682	48	127
note	59.5299	0.78125	55	127
note	59.7279	0.983073	60	127
note	59.9258	0.983073	64	127
note	60.5182	0.58724	58	127
note	60.7148	0.58724	60	127
note	60.9128	0.58724	64	127
note	60.1224	1.57682	48	127
note	60.3203	1.57682	55	127
note	61.1107	0.983073	58	127
note	61.3073	0.983073	60	127
note	61.5052	0.983073	64	127
note	62.0977	0.58724	58	127
note	62.2956	0.58724	60	127
note	62.4922	0.58724	64	127
note	61.8997	1.3776	55	127
note	61.7031	1.57682	48	127
note	62.6901	0.592448	58	127
note	62.888	0.983073	60	127
note	63.0846	0.983073	64	127
note	63.6771	0.58724	57	127
note	63.875	0.58724	60	127
note	64.0729	0.58724	64	127
note	63.2826	1.57682	41	127
note	63.4805	1.57682	53	127
note	64.2708	0.983073	57	127
note	64.4674	0.983073	60	127
note	64.6654	0.983073	64	127
note	65.2578	0.58724	57	127
note	65.4557	0.58724	60	127
note	65.6523	0.58724	64	127
note	66.2448	0.192708	64	127
note	65.0599	1.3776	53	127
note	64.8633	1.57682	41	127
note	65.8503	0.983073	57	127
note	66.0482	0.983073	60	127
note	66.8372	0.58724	57	127
note	67.0352	0.58724	60	127
note	67.2331	0.58724	63	127
note	66.4427	1.57682	42	127
note	66.6406	1.57682	48	127
note	67.4297	0.983073	57	127
note	67.6276	0.983073	60	127
note	67.8255	0.983073	63	127
note	68.418	0.58724	57	127
note	68.6146	0.58724	60	127
note	68.8125	0.58724	63	127
note	69.0104	0.390625	57	127
note	69.4049	0.192708	63	127
note	68.2201	1.3776	48	127
note	68.0221	1.57682	42	127
note	69.2083	0.983073	60	127
note	69.9974	0.58724	59	127
note	70.1953	0.390625	60	127
note	70.3932	0.571615	62	127
note	70.7878	0.390625	60	127
note	69.6029	1.57682	44	127
note	69.8008	1.57682	53	127
note	70.5898	0.983073	59	127
note	70.9857	0.941406	62	127
note	71.7747	0.390625	60	127
note	71.5781	0.58724	59	127
note	72.3672	0.192708	60	127
note	71.9727	0.58724	62	127
note	71.1823	1.57682	44	127
note	71.3802	1.57682	53	127
note	72.5651	0.424479	62	127
note	72.1706	1.17188	59	127
note	73.1576	0.58724	55	127
note	73.3555	0.58724	59	127
note	73.5521	0.58724	62	127
note	72.763	1.57682	43	127
note	72.9596	1.57682	53	127
note	73.75	0.983073	55	127
note	73.9479	0.983073	59	127
note	74.1458	0.983073	62	127
note	74.7383	0.58724	55	127
note	74.9349	0.58724	59	127
note	75.1328	0.58724	62	127
note	74.5404	1.3776	53	127
note	74.3424	1.57682	43	127
note	75.7253	0.442708	62	127
note	75.3307	0.983073	55	127
note	75.5273	0.983073	59	127
note	76.3177	0.58724	55	127
note	76.5156	0.58724	60	127
note	76.7122	0.58724	64	127
note	75.9232	1.57682	43	127
note	76.1198	1.57682	52	127
note	77.3047	0.575521	64	127
note	76.9102	0.983073	55	127
note	77.1081	0.983073	60	127
note	77.8971	0.58724	55	127
note	78.0951	0.58724	60	127
note	78.293	0.58724	64	127
note	77.7005	1.3776	52	127
note	77.5026	1.57682	43	127
note	78.8854	0.575521	64	127
note	78.4896	0.983073	55	127
note	78.6875	0.983073	60	127
note	79.4779	0.58724	55	127
note	79.6758	0.58724	60	127
note	79.8724	0.58724	65	127
note	79.0833	1.57682	43	127
note	79.2799	1.57682	50	127
note	80.4648	0.575521	65	127
note	80.0703	0.983073	55	127
note	80.2682	0.983073	60	127
note	81.0573	0.58724	55	127
note	81.2552	0.58724	60	127
note	81.4531	0.58724	65	127
note	80.6628	1.57682	43	127
note	80.8607	1.57682	50	127
note	82.0456	0.575521	65	127
note	81.6497	0.983073	55	127
note	81.8477	0.983073	60	127
note	82.638	0.58724	55	127
note	82.8346	0.58724	59	127
note	83.0326	0.58724	65	127
note	82.2422	1.57682	43	127
note	82.4401	1.57682	50	127
note	83.625	0.575521	65	127
note	83.2305	0.983073	55	127
note	83.4271	0.983073	59	127
note	84.2174	0.58724	55	127
note	84.4154	0.58724	59	127
note	84.6133	0.58724	65	127
note	84.0208	1.3776	50	127
note	83.8229	1.57682	43	127
note	85.2057	0.390625	65	127
note	85.0078	0.78125	59	127
note	84.8099	0.983073	55	127
note	85.7982	0.58724	57	127
note	85.9948	0.58724	60	127
note	86.1927	0.58724	66	127
note	85.4023	1.57682	43	127
note	85.6003	1.57682	51	127
note	86.7852	0.575521	66	127
note	86.3906	0.983073	57	127
note	86.5872	0.983073	60	127
note	87.3776	0.58724	57	127
note	87.5755	0.58724	60	127
note	87.7721	0.58724	66	127
note	87.1797	1.3776	51	127
note	86.9831	1.57682	43	127
note	87.9701	0.78125	57	127
note	88.3646	0.390625	66	127
note	88.168	0.983073	60	127
note	88.9583	0.58724	55	127
note	89.1549	0.58724	60	127
note	89.3529	0.58724	67	127
note	88.5625	1.57682	43	127
note	88.7604	1.57682	52	127
note	89.9453	0.575521	67	127
note	89.5508	0.983073	55	127
note	89.7474	0.983073	60	127
note	90.5378	0.58724	55	127
note	90.7357	0.58724	60	127
note	90.9323	0.58724	67	127
note	90.3398	1.3776	52	127
note	90.1432	1.57682	43	127
note	91.5247	0.579427	67	127
note	91.1302	0.986979	55	127
note	91.3281	0.988281	60	127
note	92.1224	0.59375	55	127
note	92.3216	0.59375	60	127
note	92.5208	0.59375	65	127
note	91.7227	1.59375	43	127
note	91.9219	1.59375	50	127
note	93.1198	0.582031	65	127
note	92.7201	0.99349	55	127
note	92.9206	0.99349	60	127
note	93.7188	0.59375	55	127
note	93.918	0.59375	60	127
note	94.1172	0.59375	65	127
note	93.319	1.59375	43	127
note	93.5182	1.59766	50	127
note	94.5169	0.601562	60	127
note	94.7161	0.58724	65	127
note	94.3164	0.998698	55	127
note	95.3203	0.606771	55	127
note	95.5247	0.606771	59	127
note	95.7279	0.606771	65	127
note	94.9154	1.625	43	127
note	95.1198	1.625	50	127
note	96.3398	0.592448	65	127
note	95.9323	1.01172	55	127
note	96.1354	1.01172	59	127
note	96.9479	0.606771	55	127
note	97.1523	0.606771	59	127
note	97.3555	0.606771	65	127
note	97.763	0.402344	59	127
note	96.7461	1.41927	50	127
note	96.543	1.625	43	127
note	97.5586	1.02995	55	127
note	97.9661	0.626302	65	127
note	98.5938	0.63151	55	127
note	98.806	0.63151	58	127
note	99.0182	0.63151	64	127
note	98.1706	1.69271	36	127
note	98.3815	1.70052	48	127
note	99.2292	1.07161	55	127
note	99.4414	1.07943	58	127
note	99.6536	1.08724	64	127
note	100.306	0.65625	55	127
note	100.526	0.65625	58	127
note	100.746	0.65625	64	127
note	101.186	0.434896	58	127
note	99.8659	1.75781	36	127
note	100.966	0.660156	55	127
note	101.406	0.450521	64	127
note	100.086	1.77214	48	127
note	102.565	0.464844	60	127
note	102.331	0.927083	57	127
note	103.034	0.464844	60	127
note	102.799	0.703125	65	127
note	103.268	0.464844	57	127
note	102.095	1.8737	53	127
note	103.737	0.464844	57	127
note	103.503	0.703125	60	127
note	103.971	0.464844	53	127
note	101.861	2.82422	48	127
note	104.206	0.729167	57	127
note	104.441	0.494792	53	127
note	104.691	0.494792	50	127
note	101.626	3.80078	36	127
note	105.194	0.498698	50	127
note	104.943	0.75651	53	127
note	106.465	0.503906	74	127
note	106.21	1.00911	71	127
note	106.975	0.503906	74	127
note	106.72	0.764323	77	127
note	107.23	0.503906	71	127
note	105.954	2.03646	67	127
note	107.741	0.501302	71	127
note	107.486	0.763021	74	127
note	107.993	0.791667	67	127
note	108.504	0.56901	62	127
note	109.079	0.285156	64	127
note	105.445	4.19401	36	127
note	108.249	1.40885	71	127
note	105.701	4.22917	47	127
note	108.792	1.14323	65	127
note	109.368	0.572917	62	127
note	111.388	4.5026	72	127
note	110.956	4.9349	67	127
note	109.658	6.23307	36	127
note	110.525	5.36719	64	127
note	110.092	5.79948	48	127
note	116.392	0.5	60	127
note	116.892	0.442708	62	127
note	117.392	0.442708	64	127
note	117.892	0.748698	65	127
note	118.642	0.122396	67	127
note	118.768	0.122396	65	127
note	118.893	0.497396	64	127
note	119.393	0.442708	69	127
note	119.893	0.46875	62	127
note	120.375	0.110677	67	127
note	120.482	0.110677	65	127
note	120.589	0.606771	67	127
note	121.165	0.246094	69	127
note	121.414	0.246094	67	127
note	121.663	0.246094	65	127
note	121.911	0.246094	64	127
note	122.16	0.246094	65	127
note	122.41	0.246094	64	127
note	122.41	0.481771	67	127
note	122.659	0.246094	62	127
note	122.908	0.246094	60	127
note	122.908	0.351562	69	127
note	123.156	0.246094	62	127
note	123.405	0.246094	60	127
note	123.405	0.351562	71	127
note	123.654	0.246094	59	127
note	123.904	0.497396	57	127
note	123.904	0.746094	72	127
note	124.652	0.122396	74	127
note	124.777	0.122396	72	127
note	124.404	0.497396	66	127
note	124.902	0.497396	71	127
note	125.402	0.375	76	127
note	125.902	0.494792	69	127
note	124.902	1.51562	67	127
note	126.402	0.122396	74	127
note	126.529	0.122396	72	127
note	126.402	0.248698	66	127
note	126.654	0.246094	64	127
note	126.654	0.494792	74	127
note	127.151	0.246094	76	127
note	126.902	0.494792	66	127
note	127.401	0.246094	74	127
note	127.65	0.246094	72	127
note	127.401	0.494792	62	127
note	127.898	0.244792	67	127
note	127.898	0.246094	71	127
note	128.147	0.246094	67	127
note	128.396	0.246094	69	127
note	128.645	0.246094	71	127
note	128.396	0.494792	65	127
note	128.396	0.494792	55	127
note	128.895	0.246094	72	127
note	128.895	0.429688	57	127
note	129.143	0.246094	71	127
note	128.895	0.494792	64	127
note	129.392	0.246094	72	127
note	129.392	0.429688	59	127
note	129.641	0.246094	74	127
note	129.392	0.494792	62	127
note	129.889	0.246094	76	127
note	130.139	0.246094	74	127
note	129.889	0.74349	60	127
note	130.388	0.246094	76	127
note	130.637	0.122396	62	127
note	130.762	0.122396	60	127
note	130.637	0.248698	78	127
note	130.888	0.497396	59	127
note	130.888	0.505208	79	127
note	131.388	0.375	64	127
note	131.388	0.497396	71	127
note	131.888	0.494792	57	127
note	131.888	0.497396	72	127
note	131.388	0.997396	67	127
note	132.388	0.182292	62	127
note	132.388	0.248698	65	127
note	132.513	0.182292	60	127
note	132.638	0.246094	64	127
note	132.388	0.497396	69	127
note	132.638	0.49349	62	127
note	132.887	0.246094	74	127
note	133.137	0.246094	72	127
note	133.137	0.246094	64	127
note	133.385	0.246094	71	127
note	133.385	0.246094	62	127
note	133.634	0.246094	69	127
note	133.634	0.246094	60	127
note	132.887	1.24219	65	127
note	134.132	0.246094	65	127
note	133.883	0.494792	59	127
note	133.883	0.74349	67	127
note	134.63	0.246094	67	127
note	134.382	0.494792	64	127
note	134.382	0.494792	48	127
note	134.879	0.246094	65	127
note	134.879	0.46875	50	127
note	135.128	0.246094	64	127
note	134.382	0.99349	60	127
note	135.376	0.246094	65	127
note	135.376	0.46875	52	127
note	135.625	0.246094	67	127
note	135.376	0.494792	58	127
note	134.879	0.99349	62	127
note	135.875	0.246094	69	127
note	136.124	0.246094	67	127
note	135.875	0.494792	60	127
note	135.875	0.494792	57	127
note	136.372	0.246094	69	127
note	135.875	0.74349	53	127
note	136.621	0.122396	55	127
note	136.372	0.49349	65	127
note	136.621	0.246094	71	127
note	136.372	0.494792	62	127
note	136.747	0.121094	53	127
note	137.121	0.246094	67	127
note	136.87	0.497396	55	127
note	136.87	0.497396	52	127
note	137.37	0.246094	65	127
note	137.37	0.416667	57	127
note	137.37	0.49349	60	127
note	137.618	0.246094	64	127
note	137.868	0.46875	50	127
note	138.118	0.246094	57	127
note	137.868	0.497396	65	127
note	138.368	0.246094	59	127
note	138.368	0.481771	62	127
note	138.617	0.246094	60	127
note	136.87	1.99349	72	127
note	138.368	0.74349	55	127
note	139.115	0.246094	57	127
note	139.363	0.246094	55	127
note	139.612	0.246094	53	127
note	138.858	1.04167	62	127
note	139.862	0.246094	52	127
note	139.066	1.17188	71	127
note	140.111	0.246094	53	127
note	140.359	0.246094	52	127
note	138.962	1.84896	67	127
note	140.608	0.246094	50	127
note	140.359	0.494792	72	127
note	140.857	0.246094	48	127
note	140.857	0.494792	74	127
note	141.107	0.246094	50	127
note	139.862	1.49089	55	127
note	141.355	0.246094	48	127
note	141.604	0.246094	47	127
note	141.355	0.494792	76	127
note	141.355	0.494792	55	127
note	141.853	0.497396	57	127
note	141.853	0.497396	45	127
note	141.853	0.746094	77	127
note	142.602	0.122396	79	127
note	142.728	0.122396	77	127
note	142.353	0.497396	59	127
note	142.353	0.497396	50	127
note	142.853	0.497396	76	127
note	142.853	0.497396	57	127
note	142.853	0.746094	60	127
note	143.602	0.122396	62	127
note	143.353	0.390625	81	127
note	143.727	0.122396	60	127
note	143.353	0.497396	54	127
note	143.853	0.246094	55	127
note	144.102	0.246094	57	127
note	143.853	0.494792	59	127
note	143.853	0.497396	74	127
note	144.35	0.122396	79	127
note	144.477	0.122396	77	127
note	144.35	0.248698	58	127
note	144.602	0.246094	55	127
note	144.35	0.497396	64	127
note	144.602	0.494792	79	127
note	145.099	0.246094	81	127
note	144.85	0.494792	57	127
note	144.85	0.494792	49	127
note	145.349	0.246094	79	127
note	145.598	0.246094	77	127
note	145.349	0.494792	50	127
note	145.349	0.74349	62	127
note	145.846	0.455729	76	127
note	146.095	0.246094	64	127
note	146.344	0.122396	81	127
note	146.47	0.122396	79	127
note	146.344	0.248698	62	127
note	146.595	0.246094	60	127
note	145.846	0.994792	57	127
note	146.595	0.494792	81	127
note	147.092	0.246094	83	127
note	146.844	0.494792	59	127
note	147.342	0.246094	81	127
note	147.591	0.246094	79	127
note	146.844	0.99349	52	127
note	147.84	0.246094	57	127
note	148.089	0.246094	59	127
note	148.337	0.246094	60	127
note	148.586	0.246094	62	127
note	148.337	0.494792	67	127
note	147.342	1.49089	64	127
note	148.836	0.246094	60	127
note	149.085	0.246094	59	127
note	148.836	0.494792	69	127
note	149.333	0.246094	57	127
note	149.582	0.246094	55	127
note	149.333	0.494792	71	127
note	147.84	1.98828	77	127
note	148.836	0.99349	62	127
note	149.831	0.246094	60	127
note	150.081	0.246094	59	127
note	149.831	0.74349	76	127
note	149.831	0.74349	72	127
note	150.329	0.246094	60	127
note	150.578	0.122396	74	127
note	150.703	0.122396	72	127
note	150.578	0.248698	78	127
note	150.578	0.248698	57	127
note	150.829	0.246094	64	127
note	151.078	0.246094	62	127
note	150.829	0.494792	71	127
note	151.327	0.246094	60	127
note	151.327	0.416667	76	127
note	151.576	0.246094	59	127
note	151.824	0.246094	60	127
note	151.824	0.494792	69	127
note	152.074	0.246094	57	127
note	152.323	0.122396	71	127
note	152.448	0.122396	72	127
note	152.323	0.248698	59	127
note	152.573	0.246094	60	127
note	150.829	1.99089	79	127
note	152.573	0.494792	74	127
note	152.823	0.246094	62	127
note	153.072	0.246094	76	127
note	153.072	0.246094	60	127
note	153.32	0.246094	74	127
note	153.32	0.246094	59	127
note	153.569	0.246094	72	127
note	153.569	0.246094	57	127
note	152.823	0.99349	78	127
note	153.818	0.246094	79	127
note	154.068	0.246094	77	127
note	154.316	0.246094	76	127
note	153.818	0.746094	71	127
note	153.818	0.986979	55	127
note	154.565	0.248698	74	127
note	154.316	0.497396	43	127
note	154.816	0.246094	72	127
note	155.065	0.246094	74	127
note	154.816	0.494792	45	127
note	155.314	0.246094	72	127
note	155.562	0.246094	71	127
note	155.314	0.494792	62	127
note	155.314	0.494792	47	127
note	155.811	0.246094	69	127
note	155.811	0.494792	64	127
note	156.061	0.246094	72	127
note	155.811	0.74349	48	127
note	156.31	0.246094	71	127
note	156.559	0.122396	50	127
note	156.684	0.122396	48	127
note	156.559	0.248698	69	127
note	156.31	0.497396	66	127
note	156.81	0.497396	47	127
note	156.81	0.746094	67	127
note	157.559	0.122396	69	127
note	157.31	0.46875	52	127
note	157.684	0.122396	67	127
note	157.81	0.494792	45	127
note	158.06	0.246094	72	127
note	157.81	0.497396	66	127
note	158.31	0.122396	50	127
note	158.435	0.122396	48	127
note	158.31	0.248698	71	127
note	158.56	0.246094	69	127
note	158.56	0.494792	50	127
note	158.809	0.494792	68	127
note	158.809	0.494792	64	127
note	159.059	0.246094	52	127
note	159.307	0.182292	69	127
note	159.307	0.248698	50	127
note	159.432	0.182292	68	127
note	159.559	0.246094	48	127
note	159.307	0.497396	76	127
note	159.559	0.501302	69	127
note	160.066	0.253906	71	127
note	159.807	0.514323	74	127
note	159.807	0.514323	47	127
note	160.323	0.253906	72	127
note	160.323	0.253906	69	127
note	160.581	0.253906	71	127
note	160.581	0.253906	68	127
note	160.837	0.253906	69	127
note	160.323	1.01953	52	127
note	161.095	0.25651	68	127
note	160.837	0.514323	66	127
note	160.837	0.514323	54	127
note	161.354	0.253906	69	127
note	161.611	0.253906	71	127
note	161.354	0.511719	65	127
note	161.354	0.511719	56	127
note	161.354	0.511719	50	127
note	161.868	0.253906	72	127
note	162.125	0.253906	66	127
note	161.868	0.511719	64	127
note	161.868	0.511719	48	127
note	162.383	0.253906	68	127
note	161.868	0.768229	57	127
note	162.639	0.126302	59	127
note	162.77	0.126302	57	127
note	162.639	0.25651	69	127
note	162.383	0.770833	62	127
note	163.156	0.253906	64	127
note	162.898	0.511719	71	127
note	162.898	0.511719	56	127
note	162.383	1.02865	53	127
note	163.413	0.253906	69	127
note	163.413	0.253906	66	127
note	163.671	0.253906	71	127
note	163.671	0.253906	68	127
note	163.413	0.511719	60	127
note	163.927	0.253906	69	127
note	164.185	0.253906	68	127
note	163.927	0.511719	72	127
note	163.927	0.511719	54	127
note	163.413	1.02604	52	127
note	164.441	0.126302	59	127
note	164.572	0.126302	57	127
note	164.441	0.25651	69	127
note	164.702	0.253906	71	127
note	164.441	0.514323	77	127
note	164.958	0.253906	68	127
note	164.702	0.511719	59	127
note	165.216	0.253906	66	127
note	165.216	0.253906	60	127
note	164.958	0.511719	76	127
note	164.441	1.02865	50	127
note	165.473	0.253906	68	127
note	165.473	0.253906	59	127
note	165.73	0.253906	69	127
note	165.73	0.253906	57	127
note	165.473	0.511719	52	127
note	166.117	0.126302	72	127
note	165.473	0.773438	74	127
note	166.246	0.242188	74	127
note	165.987	0.511719	71	127
note	165.987	0.514323	56	127
note	165.987	0.514323	53	127
note	166.504	0.253906	72	127
note	166.504	0.253906	52	127
note	166.76	0.253906	71	127
note	166.76	0.253906	50	127
note	167.018	0.242188	72	127
note	167.277	0.126302	71	127
note	167.363	0.126302	72	127
note	166.504	1.02995	57	127
note	167.449	0.126302	71	127
note	167.536	0.126302	72	127
note	167.622	0.199219	71	127
note	167.796	0.253906	69	127
note	167.536	0.514323	56	127
note	167.018	1.03255	52	127
note	168.052	1.02344	69	127
note	168.052	1.02344	57	127
note	168.572	0.514323	60	127
note	168.052	1.17188	45	127
note	169.087	0.514323	62	127
note	169.604	0.514323	64	127
note	169.604	0.514323	55	127
note	170.12	0.514323	57	127
note	170.12	0.770833	65	127
note	170.893	0.126302	67	127
note	171.023	0.126302	65	127
note	170.637	0.514323	59	127
note	171.152	0.514323	64	127
note	171.152	0.770833	60	127
note	171.927	0.126302	62	127
note	171.669	0.46875	69	127
note	172.056	0.126302	60	127
note	172.186	0.502604	62	127
note	172.186	0.514323	59	127
note	172.702	0.514323	64	127
note	172.702	0.514323	43	127
note	172.702	0.770833	67	127
note	173.475	0.253906	69	127
note	173.219	0.511719	57	127
note	173.219	0.511719	45	127
note	173.733	0.253906	67	127
note	173.99	0.253906	65	127
note	173.733	0.511719	47	127
note	174.247	0.514323	64	127
note	173.733	1.02865	62	127
note	174.247	0.770833	48	127
note	175.021	0.126302	50	127
note	175.15	0.126302	48	127
note	174.763	0.514323	67	127
note	174.763	0.514323	64	127
note	174.763	0.514323	55	127
note	175.28	0.514323	69	127
note	175.28	0.514323	66	127
note	175.28	0.514323	47	127
note	175.28	1.02995	62	127
note	175.797	0.514323	71	127
note	175.797	0.514323	52	127
note	176.312	0.481771	45	127
note	176.312	0.514323	60	127
note	175.797	1.02995	67	127
note	176.312	0.770833	72	127
note	177.086	0.126302	74	127
note	177.216	0.126302	72	127
note	176.829	0.514323	66	127
note	176.829	0.514323	57	127
note	176.829	0.770833	50	127
note	177.603	0.253906	52	127
note	177.345	0.511719	71	127
note	177.345	0.511719	68	127
note	177.345	0.511719	64	127
note	177.859	0.253906	50	127
note	178.117	0.253906	48	127
note	177.859	0.511719	72	127
note	177.859	0.511719	64	127
note	178.374	0.511719	62	127
note	178.374	0.514323	74	127
note	178.374	0.514323	47	127
note	177.859	1.02865	69	127
note	178.891	0.514323	76	127
note	178.891	0.514323	67	127
note	178.891	0.514323	46	127
note	179.406	0.514323	69	127
note	179.406	0.514323	45	127
note	179.406	0.770833	77	127
note	180.18	0.126302	79	127
note	180.31	0.126302	77	127
note	179.923	0.514323	71	127
note	179.923	0.514323	43	127
note	180.44	0.514323	76	127
note	180.44	0.514323	45	127
note	180.44	0.770833	72	127
note	181.214	0.126302	74	127
note	180.956	0.494792	81	127
note	181.342	0.126302	72	127
note	180.956	0.514323	57	127
note	180.956	0.514323	54	127
note	181.473	0.514323	74	127
note	181.473	0.514323	71	127
note	181.473	0.514323	59	127
note	181.473	0.514323	55	127
note	182.118	0.188802	77	127
note	181.988	0.511719	76	127
note	181.988	0.514323	61	127
note	181.988	0.514323	52	127
note	182.247	0.509115	79	127
note	182.764	0.253906	81	127
note	182.505	0.514323	69	127
note	183.021	0.253906	79	127
note	182.505	0.770833	62	127
note	183.279	0.126302	64	127
note	183.409	0.126302	62	127
note	183.279	0.25651	77	127
note	182.505	1.02995	50	127
note	183.538	0.252604	76	127
note	183.021	0.770833	74	127
note	183.796	0.253906	76	127
note	183.538	0.511719	60	127
note	183.538	0.511719	52	127
note	184.052	0.253906	74	127
note	184.052	0.494792	81	127
note	184.31	0.253906	72	127
note	184.052	0.511719	65	127
note	184.052	0.511719	53	127
note	184.566	0.514323	74	127
note	184.566	0.514323	71	127
note	184.566	0.514323	59	127
note	184.566	0.770833	55	127
note	185.34	0.126302	57	127
note	185.47	0.126302	55	127
note	185.083	0.514323	82	127
note	185.083	0.514323	79	127
note	185.083	0.770833	64	127
note	185.857	0.253906	65	127
note	185.599	0.511719	81	127
note	185.599	0.511719	73	127
note	185.599	0.511719	53	127
note	186.113	0.253906	79	127
note	186.113	0.253906	64	127
note	186.371	0.253906	77	127
note	186.371	0.253906	62	127
note	186.113	0.511719	74	127
note	186.113	0.511719	58	127
note	186.628	0.253906	79	127
note	186.628	0.509115	61	127
note	186.885	0.253906	77	127
note	186.628	0.511719	76	127
note	186.628	0.511719	52	127
note	187.142	0.253906	79	127
note	187.4	0.253906	76	127
note	187.142	0.511719	73	127
note	187.656	0.253906	77	127
note	187.142	0.768229	57	127
note	187.914	0.253906	79	127
note	187.914	0.253906	58	127
note	187.656	0.511719	74	127
note	188.171	0.126302	81	127
note	188.301	0.126302	79	127
note	188.171	0.25651	57	127
note	188.43	0.126302	77	127
note	188.56	0.126302	79	127
note	188.43	0.25651	55	127
note	188.171	0.515625	76	127
note	188.689	0.253906	81	127
note	188.689	0.253906	53	127
note	188.689	0.509115	69	127
note	188.947	0.253906	73	127
note	188.947	0.253906	52	127
note	189.203	0.253906	74	127
note	189.203	0.253906	53	127
note	189.461	0.246094	79	127
note	189.461	0.253906	50	127
note	189.203	0.511719	57	127
note	189.717	0.134115	76	127
note	189.848	0.126302	74	127
note	189.717	0.514323	59	127
note	189.717	0.514323	55	127
note	189.977	0.511719	76	127
note	190.491	0.253906	74	127
note	190.234	0.511719	64	127
note	190.234	0.511719	61	127
note	190.234	0.511719	57	127
note	190.749	0.514323	66	127
note	190.749	0.770833	62	127
note	190.749	0.773438	74	127
note	191.522	0.126302	64	127
note	191.652	0.126302	62	127
note	191.266	0.514323	67	127
note	191.781	0.514323	60	127
note	191.781	0.770833	69	127
note	192.555	0.126302	71	127
note	192.685	0.126302	69	127
note	192.298	0.514323	66	127
note	190.749	2.32031	50	127
note	193.072	0.253906	52	127
note	192.814	0.511719	67	127
note	192.814	0.511719	59	127
note	193.328	0.253906	50	127
note	193.586	0.253906	48	127
note	193.328	0.511719	72	127
note	193.842	0.252604	66	127
note	193.842	0.253906	47	127
note	193.328	0.768229	64	127
note	194.1	0.253906	66	127
note	194.1	0.253906	45	127
note	194.357	0.253906	64	127
note	194.357	0.253906	43	127
note	194.615	0.253906	62	127
note	194.615	0.253906	42	127
note	194.357	0.77474	71	127
note	194.871	0.523438	40	127
note	195.135	0.260417	72	127
note	195.398	0.260417	71	127
note	195.661	0.260417	69	127
note	195.398	0.523438	52	127
note	195.924	0.260417	67	127
note	196.188	0.260417	66	127
note	195.924	0.523438	54	127
note	194.871	1.82292	60	127
note	196.452	0.260417	64	127
note	196.715	0.260417	62	127
note	196.452	0.523438	67	127
note	197.241	0.260417	62	127
note	196.978	0.523438	69	127
note	196.452	1.05078	55	127
note	197.505	0.260417	60	127
note	197.505	0.260417	57	127
note	197.768	0.260417	59	127
note	197.768	0.260417	55	127
note	197.505	0.523438	71	127
note	196.978	1.05078	64	127
note	198.031	0.260417	57	127
note	198.294	0.260417	55	127
note	198.031	0.523438	54	127
note	198.559	0.260417	57	127
note	198.031	0.78776	72	127
note	198.822	0.128906	74	127
note	198.559	0.519531	50	127
note	198.953	0.126302	72	127
note	198.822	0.259115	54	127
note	198.031	1.3125	62	127
note	199.346	0.260417	69	127
note	199.083	0.523438	71	127
note	199.609	0.260417	67	127
note	199.083	1.04297	55	127
note	199.872	0.260417	65	127
note	199.609	0.523438	76	127
note	199.609	0.523438	59	127
note	200.135	0.260417	64	127
note	200.135	0.523438	69	127
note	200.135	0.523438	60	127
note	200.4	0.260417	67	127
note	200.663	0.260417	65	127
note	200.926	0.260417	69	127
note	200.663	0.523438	62	127
note	200.135	1.05078	55	127
note	200.663	0.78776	74	127
note	201.453	0.260417	76	127
note	201.716	0.260417	74	127
note	201.189	0.78776	64	127
note	201.979	0.128906	65	127
note	202.111	0.128906	64	127
note	201.979	0.260417	72	127
note	201.189	1.05078	67	127
note	202.242	0.260417	71	127
note	202.242	0.260417	67	127
note	202.242	0.523438	62	127
note	202.507	0.260417	72	127
note	202.507	0.260417	69	127
note	202.77	0.260417	74	127
note	203.033	0.260417	76	127
note	202.77	0.523438	70	127
note	202.77	0.523438	67	127
note	201.189	2.10417	55	127
note	203.296	0.260417	77	127
note	203.296	0.523438	60	127
note	203.56	0.260417	79	127
note	203.823	0.128906	65	127
note	203.954	0.128906	64	127
note	203.823	0.260417	81	127
note	204.086	0.260417	79	127
note	203.296	1.05078	72	127
note	203.296	1.05078	57	127
note	204.349	0.260417	77	127
note	204.086	0.523438	65	127
note	204.349	0.523438	74	127
note	204.349	0.523438	59	127
note	204.613	0.260417	76	127
note	204.613	0.260417	67	127
note	204.876	0.260417	74	127
note	204.876	0.260417	65	127
note	205.139	0.260417	64	127
note	204.876	0.523438	60	127
note	205.139	0.328125	72	127
note	204.876	0.640625	67	127
note	205.402	0.260417	53	127
note	205.667	0.260417	57	127
note	205.93	0.260417	55	127
note	206.193	0.260417	53	127
note	205.402	1.05078	62	127
note	205.667	0.789062	71	127
note	206.456	0.260417	52	127
note	205.534	1.4401	67	127
note	206.719	0.260417	50	127
note	206.456	0.523438	72	127
note	206.456	0.523438	64	127
note	206.983	0.260417	48	127
note	207.246	0.260417	47	127
note	206.983	0.523438	74	127
note	206.983	0.523438	65	127
note	207.509	0.260417	48	127
note	207.772	0.260417	50	127
note	207.509	0.523438	67	127
note	206.983	1.05078	62	127
note	208.036	0.260417	52	127
note	208.036	0.519531	55	127
note	208.299	0.259115	53	127
note	208.036	0.522135	64	127
note	208.036	1.04818	72	127
note	209.087	0.106771	71	127
note	209.193	0.106771	72	127
note	209.087	0.523438	43	127
note	208.561	1.05078	62	127
note	209.298	0.322917	71	127
note	209.615	0.529948	48	127
note	209.615	0.532552	64	127
note	208.561	1.58594	55	127
note	209.615	1.06771	72	127
note	210.684	0.532552	71	127
note	210.684	0.532552	50	127
note	210.148	1.06771	69	127
note	210.148	1.60156	48	127
note	211.219	0.532552	70	127
note	211.219	0.532552	52	127
note	211.754	0.532552	69	127
note	211.219	1.06771	67	127
note	211.754	0.799479	53	127
note	212.556	0.13151	55	127
note	212.69	0.13151	53	127
note	212.289	0.532552	65	127
note	212.823	0.532552	67	127
note	212.823	0.532552	52	127
note	212.289	1.06771	74	127
note	213.358	0.532552	72	127
note	213.358	0.532552	69	127
note	213.358	0.532552	57	127
note	211.754	2.13672	48	127
note	213.893	0.532552	74	127
note	213.893	0.532552	50	127
note	213.893	0.799479	70	127
note	214.695	0.13151	72	127
note	214.829	0.13151	70	127
note	214.428	0.532552	76	127
note	214.428	0.799479	55	127
note	215.23	0.264323	57	127
note	214.964	0.532552	69	127
note	215.497	0.264323	55	127
note	215.766	0.264323	53	127
note	215.497	0.532552	74	127
note	213.893	2.13672	48	127
note	216.033	0.268229	52	127
note	214.964	1.33854	77	127
note	216.305	0.268229	81	127
note	216.305	0.268229	50	127
note	216.033	0.540365	67	127
note	216.576	0.268229	79	127
note	216.576	0.268229	52	127
note	216.848	0.268229	77	127
note	216.848	0.268229	53	127
note	217.118	0.268229	76	127
note	217.118	0.268229	55	127
note	216.576	0.8125	72	127
note	217.391	0.268229	77	127
note	217.391	0.268229	74	127
note	217.391	0.268229	57	127
note	217.663	0.268229	76	127
note	217.663	0.268229	72	127
note	217.663	0.268229	58	127
note	217.934	0.268229	74	127
note	217.934	0.268229	70	127
note	217.934	0.268229	55	127
note	216.033	2.16927	48	127
note	218.206	0.27474	69	127
note	218.206	0.27474	57	127
note	218.483	0.27474	70	127
note	218.483	0.27474	52	127
note	218.76	0.27474	69	127
note	218.76	0.27474	53	127
note	219.039	0.27474	67	127
note	219.039	0.27474	55	127
note	219.316	0.27474	65	127
note	219.316	0.27474	57	127
note	219.594	0.27474	67	127
note	219.594	0.27474	59	127
note	219.871	0.27474	65	127
note	219.871	0.27474	60	127
note	220.15	0.27474	64	127
note	220.15	0.27474	57	127
note	218.206	2.21875	72	127
note	218.206	2.21875	48	127
note	220.715	0.141927	67	127
note	220.859	0.141927	69	127
note	221.003	0.285156	71	127
note	221.292	0.285156	72	127
note	221.579	0.285156	74	127
note	221.867	0.285156	76	127
note	220.427	2.01302	62	127
note	222.443	0.285156	67	127
note	220.427	2.30208	59	127
note	222.155	0.727865	77	127
note	222.888	0.151042	72	127
note	223.044	0.151042	74	127
note	223.201	0.151042	76	127
note	223.357	0.308594	77	127
note	222.732	1.23828	69	127
note	223.669	0.309896	79	127
note	224.345	0.371094	77	127
note	223.984	1.1224	81	127
note	224.736	0.74349	74	127
note	225.112	0.371094	83	127
note	222.732	7.25911	60	127
note	220.427	9.5638	48	127
note	225.508	4.5026	79	127
note	225.508	4.5026	76	127
note	225.508	4.5026	84	127
