note	0.201823	0.117188	71	127
note	0.321615	0.117188	74	127
note	0.440104	0.117187	79	127
note	0.559896	0.117188	74	127
note	0.678385	0.117188	71	127
note	0.798177	0.117188	74	127
note	0.0833333	0.949219	67	127
note	0.916667	0.117188	71	127
note	1.03646	0.117188	67	127
note	0.0833333	1.07031	55	127
note	1.15495	0.117188	71	127
note	1.27474	0.117188	67	127
note	1.39323	0.117188	62	127
note	1.15495	0.355469	55	127
note	1.63151	0.117188	67	127
note	0.440104	1.42708	43	127
note	1.7513	0.117188	72	127
note	1.86979	0.117188	76	127
note	1.98958	0.117188	72	127
note	2.10807	0.117188	67	127
note	2.22786	0.117188	72	127
note	1.51302	0.949219	64	127
note	2.34635	0.117188	67	127
note	2.46615	0.117188	64	127
note	1.51302	1.07031	55	127
note	2.58464	0.117188	67	127
note	2.70443	0.117188	64	127
note	2.82292	0.117188	60	127
note	2.58464	0.355469	55	127
note	3.0625	0.117188	60	127
note	1.86979	1.42708	43	127
note	3.18099	0.117188	66	127
note	3.30078	0.117188	69	127
note	3.41927	0.117188	66	127
note	3.53906	0.117188	60	127
note	3.65755	0.117188	66	127
note	2.94271	0.949219	57	127
note	3.77734	0.117188	60	127
note	3.89583	0.117187	57	127
note	2.94271	1.07031	55	127
note	4.01562	0.117188	60	127
note	4.01562	0.234375	55	127
note	4.13411	0.117188	57	127
note	4.25391	0.110677	54	127
note	4.49219	0.117188	59	127
note	4.61068	0.117188	62	127
note	3.30078	1.42708	43	127
note	4.73047	0.117188	67	127
note	4.84896	0.117188	62	127
note	4.96875	0.117188	59	127
note	5.08724	0.117188	62	127
note	4.3724	0.949219	55	127
note	5.20703	0.117188	59	127
note	5.32552	0.117188	55	127
note	5.44531	0.117188	55	127
note	5.44531	0.117188	59	127
note	5.5638	0.234375	55	127
note	5.68359	0.117188	52	127
note	5.92188	0.117188	61	127
note	4.73047	1.42708	43	127
note	6.04167	0.117188	64	127
note	6.16016	0.117188	69	127
note	6.27995	0.117188	64	127
note	6.39844	0.117188	61	127
note	6.51823	0.117188	64	127
note	5.80208	0.949219	57	127
note	6.63672	0.117188	61	127
note	6.16016	0.71224	43	127
note	5.80208	1.07031	55	127
note	6.75651	0.117188	57	127
note	6.875	0.117188	61	127
note	6.99479	0.117188	57	127
note	7.11328	0.117188	52	127
note	6.875	0.355469	55	127
note	7.35156	0.117188	57	127
note	7.23307	0.352865	54	127
note	7.23307	0.352865	62	127
note	7.47135	0.117188	61	127
note	7.70964	0.117188	57	127
note	7.82812	0.117188	54	127
note	7.94792	0.117187	57	127
note	8.06641	0.117188	54	127
note	7.58984	0.707031	62	127
note	8.1862	0.117188	50	127
note	8.30469	0.117188	54	127
note	8.42448	0.117188	50	127
note	8.54297	0.117188	47	127
note	8.30469	0.355469	62	127
note	8.66276	0.222656	62	127
note	8.78125	0.117188	61	127
note	8.90104	0.117188	62	127
note	9.13932	0.117188	61	127
note	9.02083	0.296875	64	127
note	8.66276	0.707031	52	127
note	9.02083	0.352865	40	127
note	9.25911	0.117188	62	127
note	9.4974	0.117188	61	127
note	9.3776	0.296875	66	127
note	9.61589	0.117188	62	127
note	9.85417	0.117188	61	127
note	9.73568	0.296875	67	127
note	9.97396	0.117188	62	127
note	9.73568	0.355469	52	127
note	10.2122	0.117188	61	127
note	10.0924	0.296875	69	127
note	10.3307	0.117188	62	127
note	10.0924	0.355469	49	127
note	10.569	0.117188	61	127
note	10.4505	0.296875	71	127
note	10.6888	0.117188	62	127
note	10.4505	0.355469	45	127
note	10.9271	0.117188	61	127
note	10.8073	0.296875	69	127
note	11.0456	0.117188	62	127
note	10.8073	0.355469	47	127
note	11.2839	0.117188	61	127
note	11.1654	0.296875	67	127
note	11.4036	0.117188	62	127
note	11.1654	0.355469	49	127
note	11.6419	0.117188	61	127
note	11.5221	0.334635	50	127
note	11.7604	0.117188	62	127
note	11.5221	0.355469	66	127
note	12	0.117188	61	127
note	11.8802	0.334635	52	127
note	12.1185	0.117188	62	127
note	11.8802	0.355469	67	127
note	12.3568	0.117188	61	127
note	12.2383	0.334635	54	127
note	12.4766	0.117188	62	127
note	12.2383	0.355469	69	127
note	12.7148	0.117188	61	127
note	12.5951	0.334635	55	127
note	12.8333	0.117188	62	127
note	12.5951	0.355469	71	127
note	13.0716	0.117188	61	127
note	12.9531	0.334635	54	127
note	13.1914	0.117188	62	127
note	12.9531	0.355469	69	127
note	13.4297	0.117188	61	127
note	13.3099	0.334635	52	127
note	13.5482	0.117188	62	127
note	13.3099	0.355469	67	127
note	13.7865	0.117188	61	127
note	13.668	0.334635	50	127
note	13.9062	0.117188	62	127
note	13.668	0.355469	66	127
note	14.0247	0.222656	54	127
note	14.1445	0.117188	61	127
note	14.263	0.117188	62	127
note	14.0247	0.355469	69	127
note	14.5013	0.117188	71	127
note	14.6211	0.117188	74	127
note	14.7396	0.117188	77	127
note	14.8594	0.117188	74	127
note	14.3828	0.707031	47	127
note	14.9792	0.117188	71	127
note	15.0977	0.117188	74	127
note	14.7396	0.520833	59	127
note	14.3828	0.949219	68	127
note	15.2174	0.117188	71	127
note	15.3359	0.117188	68	127
note	15.4557	0.117188	71	127
note	15.5742	0.117188	68	127
note	15.694	0.117188	64	127
note	15.4557	0.355469	57	127
note	15.9323	0.117188	65	127
note	16.0508	0.117188	68	127
note	16.1706	0.117188	71	127
note	16.2891	0.117188	68	127
note	15.8125	0.707031	56	127
note	16.4089	0.117188	65	127
note	16.1706	0.408854	44	127
note	16.5273	0.117188	68	127
note	15.8125	0.949219	62	127
note	16.6471	0.117188	65	127
note	16.7656	0.117188	62	127
note	16.8854	0.117188	65	127
note	17.0039	0.117188	62	127
note	17.1237	0.117188	59	127
note	16.8854	0.355469	56	127
note	17.2422	0.117188	60	127
note	17.362	0.117188	60	127
note	17.4805	0.117188	64	127
note	17.6003	0.117188	69	127
note	17.7188	0.117188	64	127
note	17.2422	0.707031	57	127
note	17.8385	0.117188	60	127
note	17.6003	0.355469	76	127
note	17.9583	0.117188	64	127
note	18.0768	0.117188	60	127
note	18.1966	0.117188	57	127
note	17.9583	0.355469	72	127
note	18.3151	0.117188	60	127
note	18.4349	0.117188	57	127
note	18.5534	0.117188	52	127
note	18.3151	0.355469	69	127
note	18.7917	0.117188	52	127
note	18.9115	0.117188	57	127
note	18.6732	0.355469	64	127
note	19.0299	0.117188	60	127
note	19.1497	0.117188	57	127
note	18.6732	0.707031	48	127
note	19.2682	0.117188	52	127
note	19.0299	0.355469	76	127
note	19.388	0.117188	57	127
note	19.5065	0.117188	52	127
note	19.6263	0.117188	48	127
note	19.388	0.355469	72	127
note	19.7448	0.117188	52	127
note	19.8646	0.117188	48	127
note	19.9831	0.117188	45	127
note	19.7448	0.355469	69	127
note	20.2214	0.117188	78	127
note	20.3411	0.117188	81	127
note	20.4596	0.117188	84	127
note	20.5794	0.117188	81	127
note	20.1029	0.707031	42	127
note	20.1029	0.707031	75	127
note	20.6979	0.117188	78	127
note	20.8177	0.117188	81	127
note	20.4596	0.520833	54	127
note	20.9375	0.117188	78	127
note	21.056	0.117188	75	127
note	21.1758	0.117188	78	127
note	21.2943	0.117188	75	127
note	21.4141	0.117188	71	127
note	21.1758	0.355469	52	127
note	21.6523	0.117188	72	127
note	21.7708	0.117188	75	127
note	21.8906	0.117188	78	127
note	22.0091	0.117188	75	127
note	21.5326	0.707031	69	127
note	22.1289	0.117188	72	127
note	21.5326	0.78125	51	127
note	22.2474	0.117188	75	127
note	22.3672	0.117188	72	127
note	21.8906	0.595052	39	127
note	22.4857	0.117188	69	127
note	22.6055	0.117188	72	127
note	22.724	0.117188	69	127
note	22.8438	0.117188	66	127
note	22.6055	0.355469	51	127
note	23.082	0.117188	63	127
note	22.9622	0.334635	52	127
note	23.2005	0.117188	64	127
note	22.9622	0.355469	67	127
note	23.4388	0.117188	63	127
note	23.3203	0.334635	54	127
note	23.5586	0.117188	64	127
note	23.3203	0.355469	69	127
note	23.7969	0.117188	63	127
note	23.6771	0.334635	55	127
note	23.6771	0.355469	71	127
note	23.9167	0.117188	64	127
note	24.1549	0.117188	63	127
note	24.0352	0.334635	57	127
note	24.2734	0.117188	64	127
note	24.0352	0.355469	72	127
note	24.5117	0.117188	63	127
note	24.3932	0.334635	55	127
note	24.6315	0.117188	64	127
note	24.3932	0.355469	71	127
note	24.8698	0.117188	63	127
note	24.75	0.334635	54	127
note	24.9883	0.117188	64	127
note	24.75	0.355469	69	127
note	25.2266	0.117188	63	127
note	25.1081	0.334635	52	127
note	25.3464	0.117188	64	127
note	25.1081	0.355469	67	127
note	25.4648	0.222656	55	127
note	25.5846	0.117188	63	127
note	25.7031	0.117188	64	127
note	25.4648	0.355469	71	127
note	25.8229	0.222656	69	127
note	25.9414	0.117188	68	127
note	26.0612	0.117188	69	127
note	25.8229	0.355469	49	127
note	26.2995	0.117188	68	127
note	26.1797	0.260417	71	127
note	26.418	0.117188	69	127
note	26.1797	0.355469	50	127
note	26.6562	0.117188	68	127
note	26.5378	0.260417	73	127
note	26.776	0.117188	69	127
note	26.5378	0.355469	52	127
note	27.0143	0.117188	68	127
note	26.8958	0.260417	74	127
note	27.1341	0.117188	69	127
note	26.8958	0.355469	54	127
note	27.3724	0.117188	68	127
note	27.2526	0.260417	76	127
note	27.4909	0.117188	69	127
note	27.2526	0.355469	49	127
note	27.7292	0.117188	68	127
note	27.6107	0.260417	78	127
note	27.849	0.117188	69	127
note	27.6107	0.355469	47	127
note	27.9674	0.222656	79	127
note	28.0872	0.117188	76	127
note	28.2057	0.117188	73	127
note	27.9674	0.355469	45	127
note	28.3255	0.222656	69	127
note	28.444	0.117188	73	127
note	28.5638	0.117188	76	127
note	28.3255	0.355469	49	127
note	28.6823	0.117188	50	127
note	28.8021	0.117188	54	127
note	28.9206	0.117188	57	127
note	29.0404	0.117188	62	127
note	29.1589	0.117188	57	127
note	28.6823	0.632812	78	127
note	29.2786	0.117188	54	127
note	29.3971	0.117188	81	127
note	29.5169	0.117188	78	127
note	29.6354	0.117188	74	127
note	29.7552	0.117188	72	127
note	29.875	0.117188	74	127
note	29.3971	0.707031	50	127
note	29.9935	0.117188	78	127
note	30.1133	0.117188	50	127
note	30.2318	0.117188	55	127
note	30.1133	0.3125	81	127
note	29.7552	0.707031	62	127
note	30.3516	0.117188	59	127
note	30.4701	0.117188	62	127
note	30.5898	0.117188	59	127
note	30.4701	0.3125	79	127
note	30.7083	0.117188	55	127
note	30.8281	0.117188	79	127
note	30.9466	0.117188	76	127
note	31.0664	0.117188	73	127
note	31.1849	0.117188	69	127
note	31.3047	0.117188	73	127
note	30.8281	0.707031	50	127
note	31.4232	0.117188	76	127
note	31.543	0.117188	50	127
note	31.6615	0.117188	57	127
note	31.543	0.296875	79	127
note	31.1849	0.707031	62	127
note	31.7812	0.117188	61	127
note	31.8997	0.117188	62	127
note	32.0195	0.117188	57	127
note	31.8997	0.296875	78	127
note	32.138	0.117188	54	127
note	32.2578	0.117188	78	127
note	32.3763	0.117188	74	127
note	32.4961	0.117188	71	127
note	32.6146	0.117188	67	127
note	32.7344	0.117188	71	127
note	32.2578	0.707031	50	127
note	32.8542	0.117188	74	127
note	32.9727	0.117188	50	127
note	33.0924	0.117188	52	127
note	32.6146	0.707031	62	127
note	33.2109	0.117188	55	127
note	32.9727	0.356771	78	127
note	33.3307	0.117188	59	127
note	33.3333	0.117188	76	127
note	33.4492	0.117188	55	127
note	33.4492	0.117188	74	127
note	33.5651	0.117188	76	127
note	33.569	0.117188	52	127
note	33.6875	0.117188	76	127
note	33.8073	0.117188	73	127
note	33.9258	0.117188	69	127
note	34.0456	0.117188	67	127
note	33.6875	0.520833	50	127
note	34.1641	0.117188	69	127
note	34.2839	0.117188	73	127
note	34.0456	0.355469	62	127
note	34.4023	0.117188	50	127
note	34.5221	0.117188	54	127
note	34.6406	0.117188	57	127
note	34.4023	0.355469	76	127
note	34.7604	0.0794271	74	127
note	34.7604	0.117188	62	127
note	34.8424	0.0794271	73	127
note	34.8789	0.117188	57	127
note	34.9987	0.117188	54	127
note	35.1172	0.117188	57	127
note	35.237	0.117188	54	127
note	35.3555	0.117188	50	127
note	34.9245	0.632812	74	127
note	35.4753	0.117188	54	127
note	35.5938	0.117188	50	127
note	35.7135	0.117188	48	127
note	35.7135	0.117188	74	127
note	35.8333	0.117188	47	127
note	35.8333	0.117188	74	127
note	35.9518	0.117188	50	127
note	35.9518	0.117188	72	127
note	36.0716	0.117188	54	127
note	36.0716	0.117188	71	127
note	36.1901	0.117188	55	127
note	36.1901	0.117188	71	127
note	36.3099	0.117188	50	127
note	36.3099	0.117188	69	127
note	36.4284	0.117188	47	127
note	36.4284	0.117188	67	127
note	36.5482	0.117188	50	127
note	36.5482	0.117188	67	127
note	36.6667	0.117188	47	127
note	36.6667	0.117188	71	127
note	36.7865	0.117188	43	127
note	36.7865	0.117188	74	127
note	36.9049	0.117188	47	127
note	36.9049	0.117188	77	127
note	37.0247	0.117188	43	127
note	37.0247	0.117188	76	127
note	37.1432	0.117188	41	127
note	37.1432	0.117188	74	127
note	37.263	0.117188	40	127
note	37.263	0.117188	74	127
note	37.3815	0.117188	43	127
note	37.3815	0.117188	76	127
note	37.5013	0.117188	47	127
note	37.5013	0.117188	77	127
note	37.6198	0.117188	48	127
note	37.6198	0.222656	77	127
note	37.7396	0.117188	52	127
note	37.8581	0.117188	55	127
note	37.9779	0.117188	60	127
note	38.0964	0.117188	55	127
note	37.8581	0.464844	76	127
note	38.2161	0.117188	52	127
note	38.3346	0.117188	55	127
note	38.4544	0.117188	52	127
note	38.5729	0.117188	50	127
note	38.4544	0.235677	76	127
note	38.6927	0.117188	49	127
note	38.6927	0.117188	76	127
note	38.8125	0.117188	52	127
note	38.8125	0.117188	74	127
note	38.931	0.117188	55	127
note	38.931	0.117188	73	127
note	39.0508	0.117188	57	127
note	39.0508	0.117188	73	127
note	39.1693	0.117188	52	127
note	39.1693	0.117188	71	127
note	39.2891	0.117188	49	127
note	39.2891	0.117188	69	127
note	39.4076	0.117188	52	127
note	39.4076	0.117188	69	127
note	39.5273	0.117188	49	127
note	39.5273	0.117188	73	127
note	39.6458	0.117188	45	127
note	39.6458	0.117188	76	127
note	39.7656	0.117188	49	127
note	39.7656	0.117188	79	127
note	39.8841	0.117188	45	127
note	39.8841	0.117188	78	127
note	40.0039	0.117188	43	127
note	40.0039	0.117188	76	127
note	40.1224	0.117188	42	127
note	40.1224	0.117188	76	127
note	40.2422	0.117188	45	127
note	40.2422	0.117188	78	127
note	40.3607	0.117188	49	127
note	40.3607	0.117188	79	127
note	40.4805	0.117188	50	127
note	40.4805	0.117188	79	127
note	40.599	0.0742188	78	127
note	40.599	0.117188	54	127
note	40.668	0.0742188	79	127
note	40.737	0.0742188	78	127
note	40.7188	0.117188	57	127
note	40.806	0.0742188	79	127
note	40.875	0.0742188	78	127
note	40.8372	0.117188	62	127
note	40.944	0.0742188	79	127
note	40.957	0.117188	57	127
note	41.013	0.0742188	78	127
note	41.082	0.0742188	79	127
note	41.0755	0.117188	54	127
note	41.1953	0.117188	57	127
note	41.151	0.222656	78	127
note	41.3138	0.117188	54	127
note	41.4336	0.117188	50	127
note	41.4336	0.117188	81	127
note	41.5521	0.117188	54	127
note	41.5521	0.117188	81	127
note	41.6719	0.117188	50	127
note	41.6719	0.117188	79	127
note	41.7917	0.117188	45	127
note	41.7917	0.117188	78	127
note	41.9102	0.117188	50	127
note	41.9102	0.117188	78	127
note	42.0299	0.117188	45	127
note	42.0299	0.117188	76	127
note	42.1484	0.117188	42	127
note	42.1484	0.117188	74	127
note	42.2682	0.117188	74	127
note	42.3867	0.117188	78	127
note	42.5065	0.117188	81	127
note	42.2682	0.355469	38	127
note	42.625	0.117188	84	127
note	42.7448	0.117188	83	127
note	42.8633	0.117188	81	127
note	42.625	0.355469	50	127
note	42.9831	0.117188	81	127
note	43.1016	0.117188	83	127
note	43.2214	0.117188	84	127
note	42.9831	0.473958	43	127
note	43.3398	0.235677	84	127
note	43.4596	0.117188	47	127
note	43.5781	0.117188	50	127
note	43.5781	0.235677	83	127
note	43.6979	0.117188	55	127
note	43.8164	0.117188	57	127
note	43.8164	0.117188	81	127
note	43.9362	0.117188	59	127
note	43.9362	0.117188	79	127
note	44.0547	0.117188	59	127
note	44.0547	0.117188	77	127
note	44.1745	0.117188	60	127
note	44.1745	0.117188	76	127
note	44.293	0.117188	62	127
note	44.293	0.117188	74	127
note	44.5312	0.117188	76	127
note	44.4128	0.352865	72	127
note	44.651	0.117188	79	127
note	44.4128	0.355469	64	127
note	44.7708	0.117188	60	127
note	44.8893	0.117188	57	127
note	44.8893	0.117188	78	127
note	44.7708	0.352865	81	127
note	45.0091	0.117188	54	127
note	45.0091	0.117188	74	127
note	45.2474	0.117188	74	127
note	45.1276	0.352865	71	127
note	45.3659	0.117188	78	127
note	45.1276	0.355469	62	127
note	45.4857	0.117188	59	127
note	45.6042	0.117188	55	127
note	45.6042	0.117188	76	127
note	45.4857	0.352865	79	127
note	45.724	0.117188	52	127
note	45.724	0.117188	72	127
note	45.9622	0.117188	72	127
note	45.8424	0.352865	69	127
note	46.0807	0.117188	76	127
note	45.8424	0.355469	60	127
note	46.2005	0.117188	57	127
note	46.319	0.117188	54	127
note	46.319	0.117188	74	127
note	46.2005	0.352865	78	127
note	46.4388	0.117188	50	127
note	46.4388	0.117188	71	127
note	46.6771	0.117188	71	127
note	46.5573	0.352865	67	127
note	46.7956	0.117188	74	127
note	46.5573	0.355469	59	127
note	46.9154	0.117188	55	127
note	47.0339	0.117188	52	127
note	47.0339	0.117188	72	127
note	46.9154	0.352865	76	127
note	47.1536	0.117188	48	127
note	47.1536	0.117188	69	127
note	47.3919	0.117188	69	127
note	47.2721	0.352865	66	127
note	47.5104	0.117188	72	127
note	47.2721	0.355469	57	127
note	47.6302	0.117188	54	127
note	47.75	0.117188	50	127
note	47.75	0.117188	71	127
note	47.6302	0.334635	74	127
note	47.8685	0.117188	47	127
note	47.8685	0.117188	67	127
note	48.1068	0.117188	67	127
note	47.9883	0.316406	64	127
note	48.2266	0.117188	71	127
note	47.9883	0.355469	55	127
note	48.3451	0.117188	52	127
note	48.4648	0.117188	48	127
note	48.4648	0.117188	69	127
note	48.3451	0.296875	72	127
note	48.5833	0.117188	45	127
note	48.5833	0.117188	66	127
note	48.8216	0.117188	66	127
note	48.7031	0.278646	62	127
note	48.9414	0.117188	69	127
note	48.7031	0.355469	54	127
note	49.0599	0.117188	50	127
note	49.1797	0.117188	47	127
note	49.1797	0.117188	67	127
note	49.0599	0.260417	71	127
note	49.2982	0.117188	43	127
note	49.2982	0.117188	64	127
note	49.418	0.119792	52	127
note	49.5404	0.119792	48	127
note	49.5404	0.119792	64	127
note	49.418	0.248698	60	127
note	49.6641	0.11849	45	127
note	49.6641	0.11849	67	127
note	49.7839	0.119792	54	127
note	49.7839	0.227865	69	127
note	49.9076	0.11849	50	127
note	49.9076	0.11849	66	127
note	50.0286	0.119792	47	127
note	50.0286	0.119792	62	127
note	50.2799	0.126302	62	127
note	50.151	0.382812	55	127
note	50.4089	0.126302	66	127
note	50.151	0.5	59	127
note	50.6628	0.126302	64	127
note	50.7917	0.126302	60	127
note	50.5365	0.38151	52	127
note	51.0716	0.148438	60	127
note	50.5365	0.825521	67	127
note	51.2214	0.148438	64	127
note	50.9206	0.450521	48	127
note	50.9206	0.589844	57	127
note	51.526	0.148438	62	127
note	51.3724	0.450521	66	127
note	51.6758	0.148438	60	127
note	51.3724	0.451823	50	127
note	51.8372	3.61979	67	127
note	51.8372	3.63411	43	127
note	51.8372	3.63411	59	127
note	51.8372	3.63411	62	127
note	55.4779	0.398438	67	127
note	55.8776	0.196615	69	127
note	56.0768	0.196615	67	127
note	56.276	0.196615	66	127
note	56.4753	0.196615	67	127
note	56.6745	0.398438	69	127
note	57.0755	0.196615	71	127
note	57.2747	0.196615	69	127
note	57.474	0.196615	67	127
note	57.6732	0.196615	69	127
note	57.8724	0.398438	71	127
note	58.2721	0.398438	69	127
note	58.6732	0.398438	67	127
note	59.0729	0.299479	62	127
note	59.474	0.798177	72	127
note	60.2747	0.398438	71	127
note	60.6745	0.398438	69	127
note	61.0742	0.398438	67	127
note	61.4753	0.299479	66	127
note	61.875	0.798177	76	127
note	62.6758	0.398438	74	127
note	63.0768	0.196615	76	127
note	63.276	0.196615	74	127
note	63.4753	0.196615	72	127
note	63.6745	0.196615	71	127
note	63.8737	0.398438	69	127
note	64.2734	0.196615	72	127
note	64.4727	0.196615	71	127
note	64.6719	0.196615	69	127
note	64.8711	0.196615	67	127
note	65.0703	0.398438	62	127
note	65.0703	0.398438	66	127
note	65.4714	0.196615	64	127
note	65.6706	0.196615	62	127
note	65.4714	0.395833	67	127
note	65.8698	0.196615	61	127
note	66.069	0.196615	62	127
note	65.8698	0.395833	69	127
note	66.2682	0.398438	64	127
note	66.2682	0.398438	67	127
note	66.668	0.196615	66	127
note	66.8672	0.196615	64	127
note	66.668	0.395833	69	127
note	67.0664	0.196615	62	127
note	67.2656	0.196615	64	127
note	67.0664	0.395833	71	127
note	67.4648	0.398438	66	127
note	67.4648	0.398438	69	127
note	67.8659	0.196615	71	127
note	68.0651	0.196615	73	127
note	67.8659	0.395833	64	127
note	68.2643	0.196615	74	127
note	68.4635	0.196615	71	127
note	68.2643	0.395833	62	127
note	68.6628	0.196615	73	127
note	68.6628	0.332031	57	127
note	68.862	0.199219	71	127
note	69.0625	0.196615	73	127
note	69.2617	0.196615	74	127
note	69.4609	0.196615	76	127
note	69.6602	0.196615	73	127
note	69.0625	0.794271	67	127
note	69.8594	0.196615	74	127
note	70.0586	0.196615	73	127
note	69.8594	0.395833	66	127
note	70.2578	0.196615	74	127
note	70.457	0.196615	76	127
note	70.2578	0.395833	64	127
note	70.6562	0.196615	78	127
note	70.8555	0.196615	74	127
note	70.6562	0.395833	62	127
note	71.0547	0.196615	76	127
note	71.0547	0.332031	61	127
note	71.2539	0.199219	74	127
note	71.4557	0.196615	76	127
note	71.6549	0.196615	78	127
note	71.8542	0.196615	79	127
note	72.0534	0.196615	76	127
note	71.4557	0.794271	71	127
note	72.2526	0.398438	69	127
note	72.2526	0.398438	78	127
note	72.6523	0.196615	71	127
note	72.6523	0.196615	79	127
note	72.8516	0.196615	69	127
note	72.8516	0.196615	78	127
note	73.0508	0.196615	67	127
note	73.0508	0.196615	76	127
note	73.25	0.196615	66	127
note	73.25	0.196615	74	127
note	73.4492	0.398438	64	127
note	73.8503	0.196615	67	127
note	74.0495	0.196615	66	127
note	74.2487	0.196615	64	127
note	74.4479	0.196615	62	127
note	73.4492	1.39453	79	127
note	74.8464	0.196615	78	127
note	74.6471	0.395833	61	127
note	75.0456	0.196615	76	127
note	75.0456	0.395833	67	127
note	75.2448	0.332031	79	127
note	75.444	0.199219	74	127
note	75.444	0.398438	66	127
note	75.6445	0.332031	79	127
note	75.8438	0.199219	73	127
note	75.8438	0.398438	64	127
note	76.0456	0.332031	79	127
note	76.2448	0.199219	71	127
note	76.2448	0.398438	62	127
note	76.4453	0.332031	79	127
note	76.6445	0.199219	69	127
note	76.8464	0.196615	79	127
note	76.6445	0.398438	61	127
note	77.0456	0.196615	62	127
note	77.2448	0.196615	64	127
note	77.0456	0.395833	78	127
note	77.444	0.395833	66	127
note	77.6445	0.196615	62	127
note	77.444	0.398438	74	127
note	77.8438	0.395833	67	127
note	78.0443	0.196615	62	127
note	77.8438	0.398438	76	127
note	78.2435	0.395833	69	127
note	78.4453	0.196615	62	127
note	78.2435	0.398438	78	127
note	78.6445	0.395833	71	127
note	78.8451	0.196615	62	127
note	78.6445	0.398438	79	127
note	79.0443	0.395833	72	127
note	79.2461	0.196615	62	127
note	79.0443	0.798177	81	127
note	79.4453	0.398438	55	127
note	79.8451	0.196615	57	127
note	80.0443	0.196615	55	127
note	79.8451	0.395833	74	127
note	80.2435	0.196615	54	127
note	80.4427	0.196615	55	127
note	79.4453	1.19531	71	127
note	80.6419	0.398438	57	127
note	80.2435	0.796875	79	127
note	81.043	0.196615	59	127
note	81.2422	0.196615	57	127
note	81.043	0.395833	78	127
note	81.4414	0.196615	55	127
note	81.6406	0.196615	57	127
note	81.4414	0.395833	76	127
note	80.6419	1.19531	72	127
note	81.8398	0.398438	59	127
note	81.8398	0.398438	74	127
note	82.2396	0.398438	57	127
note	82.2396	0.398438	66	127
note	82.2396	0.398438	72	127
note	82.6406	0.398438	55	127
note	82.6406	0.398438	71	127
note	83.0404	0.352865	50	127
note	82.6406	0.798177	67	127
note	83.4414	0.196615	66	127
note	83.0404	0.790365	69	127
note	83.6406	0.196615	67	127
note	83.8398	0.395833	69	127
note	84.0404	0.196615	66	127
note	83.4414	0.796875	60	127
note	84.2396	0.196615	67	127
note	84.4388	0.196615	66	127
note	84.2396	0.395833	59	127
note	84.638	0.196615	67	127
note	84.8372	0.196615	69	127
note	84.638	0.395833	57	127
note	85.0365	0.196615	71	127
note	85.2357	0.196615	67	127
note	85.0365	0.395833	55	127
note	85.4349	0.196615	69	127
note	85.4349	0.352865	54	127
note	85.6341	0.199219	67	127
note	85.0365	0.796875	74	127
note	85.8359	0.196615	69	127
note	86.0352	0.196615	71	127
note	85.8359	0.395833	72	127
note	86.2344	0.196615	72	127
note	86.4336	0.196615	69	127
note	85.8359	0.794271	64	127
note	86.2344	0.582031	81	127
note	86.6328	0.398438	62	127
note	86.6328	0.398438	71	127
note	87.0326	0.196615	64	127
note	87.0326	0.196615	72	127
note	87.2318	0.196615	62	127
note	87.2318	0.196615	71	127
note	87.431	0.196615	60	127
note	87.431	0.196615	69	127
note	87.6302	0.196615	59	127
note	87.6302	0.196615	67	127
note	87.8294	0.398438	57	127
note	87.0326	1.19531	79	127
note	88.2305	0.196615	60	127
note	88.2305	0.196615	81	127
note	88.4297	0.196615	59	127
note	88.4297	0.196615	79	127
note	88.6289	0.196615	57	127
note	88.6289	0.196615	78	127
note	88.8281	0.196615	55	127
note	88.8281	0.196615	76	127
note	87.8294	1.39453	72	127
note	89.2266	0.196615	71	127
note	89.4258	0.395833	69	127
note	89.6263	0.196615	72	127
note	89.0273	0.796875	54	127
note	89.8255	0.395833	67	127
note	90.0273	0.196615	72	127
note	89.8255	0.398438	52	127
note	90.2266	0.196615	50	127
note	90.2266	0.394531	66	127
note	90.4258	0.196615	52	127
note	90.4258	0.196615	72	127
note	90.625	0.196615	50	127
note	90.625	0.394531	64	127
note	90.8242	0.196615	48	127
note	90.8242	0.196615	72	127
note	91.0234	0.196615	47	127
note	91.0234	0.394531	62	127
note	91.2227	0.196615	45	127
note	91.2227	0.196615	72	127
note	91.4219	0.196615	43	127
note	91.6211	0.196615	45	127
note	91.4219	0.395833	71	127
note	89.0273	2.79036	74	127
note	91.8203	0.395833	47	127
note	92.0208	0.196615	43	127
note	91.8203	0.398438	65	127
note	91.8203	0.398438	74	127
note	92.2201	0.395833	48	127
note	92.4206	0.196615	43	127
note	92.2201	0.398438	64	127
note	92.2201	0.398438	72	127
note	92.6198	0.395833	50	127
note	92.8216	0.196615	43	127
note	92.6198	0.398438	62	127
note	92.6198	0.398438	71	127
note	93.0208	0.395833	52	127
note	93.2214	0.196615	43	127
note	93.0208	0.398438	60	127
note	93.0208	0.398438	69	127
note	93.4206	0.380208	67	127
note	93.4206	0.386719	59	127
note	93.4206	0.395833	53	127
note	93.6224	0.196615	43	127
note	93.8216	0.196615	52	127
note	93.8216	0.196615	72	127
note	94.0208	0.196615	50	127
note	94.0208	0.196615	74	127
note	94.2201	0.375	48	127
note	94.4206	0.196615	52	127
note	94.6198	0.375	47	127
note	94.8216	0.196615	52	127
note	94.6198	0.398438	67	127
note	94.2201	0.997396	76	127
note	95.0208	0.373698	45	127
note	95.2201	0.196615	52	127
note	95.2201	0.196615	74	127
note	95.4193	0.196615	72	127
note	95.4193	0.332031	43	127
note	95.6185	0.199219	52	127
note	95.6185	0.199219	71	127
note	95.819	0.196615	69	127
note	95.819	0.248698	42	127
note	96.0182	0.199219	52	127
note	96.0182	0.199219	72	127
note	96.2201	0.196615	50	127
note	96.2201	0.196615	71	127
note	96.4193	0.196615	48	127
note	96.4193	0.196615	72	127
note	96.6185	0.375	47	127
note	96.819	0.196615	50	127
note	95.0208	1.99479	66	127
note	97.0182	0.355469	45	127
note	97.0182	0.39974	66	127
note	97.2201	0.199219	50	127
note	96.6185	0.998698	74	127
note	97.4206	0.332031	43	127
note	97.6198	0.199219	50	127
note	97.6198	0.199219	72	127
note	97.8203	0.196615	71	127
note	97.8203	0.309896	42	127
note	98.0195	0.196615	50	127
note	98.0195	0.196615	69	127
note	98.2201	0.196615	67	127
note	98.2201	0.248698	40	127
note	98.4193	0.199219	50	127
note	98.4193	0.199219	71	127
note	98.6198	0.196615	48	127
note	98.6198	0.196615	69	127
note	98.819	0.196615	47	127
note	98.819	0.196615	71	127
note	99.0182	0.355469	45	127
note	99.2188	0.199219	48	127
note	97.4206	1.9974	64	127
note	99.4206	0.334635	43	127
note	99.6211	0.199219	48	127
note	99.4206	0.39974	64	127
note	99.0182	1.0013	72	127
note	99.8229	0.309896	42	127
note	100.022	0.196615	48	127
note	100.022	0.196615	71	127
note	100.221	0.196615	69	127
note	100.221	0.290365	40	127
note	100.421	0.196615	48	127
note	100.421	0.196615	67	127
note	100.62	0.196615	66	127
note	100.62	0.248698	38	127
note	100.819	0.18099	69	127
note	100.819	0.191406	48	127
note	99.8229	1.19531	62	127
note	101.02	0.196615	67	127
note	101.219	0.196615	69	127
note	101.02	0.395833	47	127
note	101.02	0.395833	62	127
note	101.418	0.196615	60	127
note	101.617	0.196615	62	127
note	101.418	0.395833	45	127
note	101.816	0.196615	64	127
note	102.016	0.196615	62	127
note	101.816	0.395833	43	127
note	101.418	0.997396	71	127
note	102.215	0.398438	45	127
note	102.215	0.398438	60	127
note	102.616	0.196615	59	127
note	102.815	0.196615	60	127
note	102.616	0.395833	43	127
note	102.616	0.395833	64	127
note	103.014	0.196615	62	127
note	103.214	0.196615	60	127
note	103.014	0.395833	42	127
note	103.413	0.196615	43	127
note	103.014	0.595052	69	127
note	103.612	0.196615	55	127
note	103.612	0.196615	67	127
note	103.413	0.395833	59	127
note	103.811	0.196615	53	127
note	104.01	0.196615	52	127
note	103.811	0.395833	60	127
note	103.811	0.395833	69	127
note	104.21	0.196615	50	127
note	104.409	0.196615	53	127
note	104.21	0.395833	62	127
note	104.21	0.395833	71	127
note	104.608	0.196615	52	127
note	104.608	0.196615	72	127
note	104.608	0.332031	67	127
note	104.807	0.199219	53	127
note	104.807	0.199219	74	127
note	105.008	0.196615	52	127
note	105.008	0.196615	72	127
note	105.207	0.196615	50	127
note	105.207	0.196615	71	127
note	105.406	0.196615	48	127
note	105.406	0.196615	69	127
note	105.605	0.196615	52	127
note	105.605	0.196615	67	127
note	105.008	0.794271	57	127
note	105.805	0.0976562	67	127
note	105.906	0.0976562	66	127
note	105.805	0.199219	50	127
note	106.007	0.0976562	67	127
note	106.107	0.0976562	66	127
note	105.805	0.39974	59	127
note	106.007	0.199219	52	127
note	106.207	0.0976562	67	127
note	106.307	0.0976562	66	127
note	106.207	0.199219	50	127
note	106.409	0.0976562	64	127
note	106.509	0.0976562	66	127
note	106.207	0.39974	60	127
note	106.409	0.199219	48	127
note	106.609	0.196615	47	127
note	106.809	0.196615	50	127
note	106.609	0.395833	62	127
note	107.008	0.196615	48	127
note	106.609	0.595052	67	127
note	107.008	0.352865	64	127
note	107.207	0.199219	50	127
note	107.207	0.199219	71	127
note	107.409	0.196615	48	127
note	107.409	0.196615	69	127
note	107.608	0.196615	47	127
note	107.608	0.196615	67	127
note	107.807	0.196615	45	127
note	107.807	0.196615	66	127
note	108.007	0.196615	48	127
note	108.007	0.196615	64	127
note	107.409	0.794271	54	127
note	108.206	0.196615	47	127
note	108.405	0.196615	48	127
note	108.206	0.395833	55	127
note	108.604	0.196615	47	127
note	108.604	0.196615	55	127
note	108.803	0.196615	45	127
note	108.803	0.196615	57	127
note	109.003	0.196615	43	127
note	109.003	0.196615	59	127
note	109.202	0.196615	45	127
note	109.202	0.196615	61	127
note	108.206	1.19271	62	127
note	109.401	0.196615	47	127
note	109.6	0.196615	49	127
note	109.401	0.395833	62	127
note	109.799	0.196615	50	127
note	109.799	0.196615	59	127
note	109.999	0.196615	52	127
note	109.999	0.196615	61	127
note	110.208	0.196615	54	127
note	110.208	0.196615	62	127
note	110.408	0.196615	55	127
note	110.408	0.196615	64	127
note	110.607	0.398438	54	127
note	110.607	0.398438	66	127
note	110.607	0.398438	69	127
note	111.007	0.196615	67	127
note	111.206	0.196615	69	127
note	111.007	0.395833	64	127
note	111.405	0.196615	71	127
note	111.007	0.789062	59	127
note	111.604	0.196615	69	127
note	111.405	0.395833	47	127
note	111.405	0.395833	63	127
note	111.803	0.398438	52	127
note	111.803	0.398438	64	127
note	111.803	0.398438	67	127
note	112.204	0.196615	66	127
note	112.404	0.196615	67	127
note	112.204	0.395833	62	127
note	112.603	0.196615	69	127
note	112.204	0.789062	57	127
note	112.802	0.196615	67	127
note	112.603	0.395833	45	127
note	112.603	0.395833	61	127
note	113.001	0.398438	50	127
note	113.001	0.398438	62	127
note	113.001	0.398438	66	127
note	113.401	0.196615	61	127
note	113.6	0.196615	59	127
note	113.401	0.395833	52	127
note	113.401	0.395833	67	127
note	113.799	0.196615	57	127
note	113.999	0.196615	60	127
note	113.799	0.395833	69	127
note	114.198	0.196615	59	127
note	114.198	0.309896	74	127
note	114.397	0.196615	60	127
note	113.799	0.794271	54	127
note	114.596	0.0976562	66	127
note	114.697	0.0976562	64	127
note	114.596	0.199219	59	127
note	114.798	0.0976562	66	127
note	114.898	0.0976562	64	127
note	114.596	0.39974	55	127
note	114.798	0.199219	57	127
note	114.999	0.0976562	66	127
note	115.099	0.0976562	64	127
note	114.999	0.199219	55	127
note	115.201	0.0976562	62	127
note	115.301	0.0976562	64	127
note	114.999	0.39974	49	127
note	115.201	0.199219	59	127
note	115.401	0.196615	57	127
note	115.6	0.196615	59	127
note	115.401	0.395833	66	127
note	115.799	0.196615	57	127
note	115.999	0.196615	55	127
note	115.799	0.395833	67	127
note	116.198	0.196615	54	127
note	115.401	0.996094	50	127
note	116.397	0.196615	57	127
note	116.198	0.395833	69	127
note	116.596	0.196615	55	127
note	116.596	0.309896	71	127
note	116.796	0.196615	57	127
note	116.995	0.0976562	62	127
note	117.095	0.0976562	61	127
note	116.995	0.199219	55	127
note	117.195	0.0976562	62	127
note	117.297	0.0976562	61	127
note	117.195	0.199219	54	127
note	117.397	0.0976562	62	127
note	117.497	0.0976562	61	127
note	117.397	0.199219	52	127
note	117.598	0.0976562	59	127
note	117.699	0.0976562	61	127
note	117.598	0.199219	55	127
note	117.799	0.196615	54	127
note	117.999	0.196615	55	127
note	117.799	0.395833	62	127
note	118.198	0.196615	54	127
note	118.198	0.196615	62	127
note	118.397	0.196615	52	127
note	118.397	0.196615	64	127
note	118.596	0.196615	50	127
note	118.596	0.196615	66	127
note	118.796	0.196615	52	127
note	118.796	0.196615	67	127
note	118.995	0.196615	54	127
note	119.194	0.196615	55	127
note	118.995	0.395833	69	127
note	119.393	0.196615	57	127
note	119.393	0.196615	66	127
note	119.592	0.196615	59	127
note	119.592	0.196615	67	127
note	119.792	0.196615	60	127
note	119.792	0.196615	69	127
note	119.991	0.196615	62	127
note	119.991	0.196615	71	127
note	120.19	0.398438	50	127
note	120.19	0.398438	54	127
note	120.59	0.196615	48	127
note	120.789	0.196615	50	127
note	120.59	0.395833	69	127
note	120.19	0.796875	72	127
note	120.988	0.196615	52	127
note	121.188	0.196615	50	127
note	120.988	0.395833	71	127
note	121.387	0.398438	48	127
note	120.988	0.796875	67	127
note	121.788	0.196615	47	127
note	121.987	0.196615	48	127
note	121.788	0.395833	67	127
note	122.186	0.196615	50	127
note	122.385	0.196615	48	127
note	122.186	0.395833	66	127
note	121.387	1.19531	69	127
note	122.585	0.395833	67	127
note	122.785	0.196615	79	127
note	122.585	0.398438	47	127
note	122.984	0.196615	78	127
note	123.184	0.196615	76	127
note	122.984	0.395833	48	127
note	123.383	0.196615	74	127
note	123.582	0.196615	78	127
note	123.383	0.395833	50	127
note	123.781	0.196615	76	127
note	123.781	0.352865	55	127
note	123.98	0.199219	78	127
note	124.182	0.196615	76	127
note	124.382	0.196615	74	127
note	124.581	0.196615	72	127
note	124.182	0.768229	45	127
note	124.78	0.199219	76	127
note	124.98	0.196615	74	127
note	125.18	0.196615	76	127
note	124.98	0.395833	47	127
note	125.379	0.196615	74	127
note	125.578	0.196615	72	127
note	125.379	0.395833	48	127
note	125.777	0.196615	71	127
note	125.977	0.196615	74	127
note	125.777	0.395833	50	127
note	126.176	0.196615	72	127
note	126.176	0.352865	52	127
note	126.375	0.199219	74	127
note	126.577	0.196615	72	127
note	126.776	0.196615	71	127
note	126.975	0.196615	69	127
note	126.577	0.768229	42	127
note	127.174	0.199219	72	127
note	127.375	0.196615	43	127
note	127.375	0.196615	71	127
note	127.574	0.196615	45	127
note	127.574	0.196615	69	127
note	127.773	0.395833	67	127
note	127.975	0.196615	71	127
note	128.174	0.395833	66	127
note	128.375	0.196615	71	127
note	128.174	0.398438	62	127
note	127.773	0.997396	47	127
note	128.574	0.394531	61	127
note	128.574	0.394531	64	127
note	128.773	0.196615	45	127
note	128.773	0.196615	71	127
note	128.973	0.196615	43	127
note	128.973	0.394531	62	127
note	129.172	0.196615	42	127
note	129.172	0.196615	71	127
note	129.371	0.196615	40	127
note	129.371	0.394531	61	127
note	129.57	0.196615	43	127
note	129.57	0.196615	71	127
note	129.77	0.196615	42	127
note	129.77	0.248698	69	127
note	129.969	0.199219	43	127
note	129.969	0.199219	67	127
note	130.171	0.395833	66	127
note	130.371	0.248698	69	127
note	130.57	0.395833	64	127
note	130.57	0.398438	61	127
note	130.772	0.248698	69	127
note	130.171	0.998698	45	127
note	130.971	0.395833	59	127
note	130.971	0.395833	62	127
note	131.172	0.196615	43	127
note	131.172	0.248698	69	127
note	131.371	0.199219	42	127
note	131.371	0.395833	61	127
note	131.573	0.196615	40	127
note	131.573	0.248698	69	127
note	131.772	0.199219	38	127
note	131.772	0.395833	59	127
note	131.973	0.196615	42	127
note	131.973	0.196615	69	127
note	132.172	0.196615	40	127
note	132.172	0.309896	67	127
note	132.371	0.196615	42	127
note	132.371	0.196615	66	127
note	132.57	0.395833	64	127
note	132.771	0.332031	67	127
note	132.97	0.395833	62	127
note	132.97	0.398438	59	127
note	133.172	0.332031	67	127
note	132.57	0.998698	43	127
note	133.371	0.395833	57	127
note	133.371	0.395833	61	127
note	133.572	0.196615	42	127
note	133.572	0.332031	67	127
note	133.771	0.199219	40	127
note	133.771	0.395833	59	127
note	133.973	0.196615	38	127
note	133.973	0.332031	67	127
note	134.172	0.199219	37	127
note	134.172	0.395833	57	127
note	134.372	0.196615	40	127
note	134.372	0.196615	67	127
note	134.572	0.251302	38	127
note	134.572	0.395833	66	127
note	134.773	0.196615	40	127
note	134.773	0.196615	74	127
note	134.973	0.196615	72	127
note	134.973	0.332031	42	127
note	135.172	0.199219	38	127
note	135.172	0.199219	71	127
note	135.372	0.196615	69	127
note	135.372	0.332031	43	127
note	135.572	0.199219	38	127
note	135.572	0.199219	67	127
note	135.773	0.196615	66	127
note	135.773	0.332031	45	127
note	135.973	0.199219	38	127
note	135.973	0.199219	64	127
note	136.173	0.196615	62	127
note	136.173	0.332031	47	127
note	136.372	0.199219	38	127
note	136.372	0.199219	60	127
note	136.573	0.196615	59	127
note	136.573	0.352865	48	127
note	136.773	0.199219	38	127
note	136.773	0.199219	57	127
note	136.974	0.196615	55	127
note	136.974	0.394531	47	127
note	137.173	0.196615	55	127
note	137.173	0.196615	57	127
note	137.372	0.196615	53	127
note	137.372	0.394531	59	127
note	137.572	0.196615	52	127
note	137.572	0.196615	55	127
note	137.771	0.196615	50	127
note	137.771	0.394531	60	127
note	137.97	0.196615	48	127
note	137.97	0.196615	55	127
note	138.169	0.196615	47	127
note	138.169	0.394531	62	127
note	138.368	0.196615	45	127
note	138.368	0.196615	55	127
note	138.568	0.196615	43	127
note	138.568	0.394531	64	127
note	138.767	0.196615	41	127
note	138.767	0.196615	55	127
note	138.966	0.196615	40	127
note	138.966	0.394531	65	127
note	139.165	0.196615	38	127
note	139.165	0.196615	55	127
note	139.365	0.196615	36	127
note	139.564	0.196615	38	127
note	139.564	0.196615	72	127
note	139.365	0.582031	64	127
note	139.763	0.199219	40	127
note	139.763	0.395833	71	127
note	139.965	0.196615	42	127
note	139.965	0.290365	74	127
note	140.164	0.196615	44	127
note	140.164	0.394531	69	127
note	140.363	0.196615	45	127
note	140.363	0.290365	74	127
note	140.562	0.196615	47	127
note	140.562	0.394531	68	127
note	140.762	0.196615	48	127
note	140.762	0.290365	74	127
note	140.961	0.196615	50	127
note	140.961	0.394531	66	127
note	141.16	0.196615	52	127
note	141.16	0.248698	74	127
note	141.359	0.199219	54	127
note	141.359	0.395833	64	127
note	141.56	0.196615	56	127
note	141.56	0.196615	74	127
note	141.759	0.196615	57	127
note	141.759	0.196615	72	127
note	141.958	0.196615	55	127
note	141.958	0.196615	69	127
note	142.158	0.196615	71	127
note	142.158	0.309896	54	127
note	142.357	0.196615	57	127
note	142.357	0.196615	73	127
note	142.556	0.196615	75	127
note	142.556	0.290365	52	127
note	142.755	0.196615	57	127
note	142.755	0.196615	76	127
note	142.954	0.196615	78	127
note	142.954	0.269531	51	127
note	143.154	0.196615	57	127
note	143.154	0.196615	79	127
note	143.353	0.196615	81	127
note	143.353	0.205729	49	127
note	143.552	0.196615	57	127
note	143.552	0.196615	83	127
note	143.751	0.1875	47	127
note	143.751	0.199219	84	127
note	143.953	0.1875	57	127
note	143.953	0.199219	75	127
note	144.154	0.398438	55	127
note	144.154	0.398438	76	127
note	144.553	0.196615	78	127
note	144.753	0.196615	76	127
note	144.553	0.395833	60	127
note	144.952	0.196615	75	127
note	144.952	0.395833	59	127
note	145.152	0.196615	76	127
note	145.352	0.398438	57	127
note	145.352	0.398438	78	127
note	145.751	0.196615	79	127
note	145.951	0.196615	78	127
note	146.15	0.196615	76	127
note	145.751	0.789062	59	127
note	146.349	0.196615	78	127
note	146.15	0.395833	47	127
note	146.548	0.196615	52	127
note	146.747	0.196615	54	127
note	146.548	0.395833	79	127
note	146.947	0.251302	55	127
note	147.147	0.199219	52	127
note	146.947	0.39974	78	127
note	147.349	0.251302	57	127
note	147.549	0.199219	52	127
note	147.349	0.39974	76	127
note	147.751	0.251302	59	127
note	147.751	0.291667	71	127
note	147.952	0.196615	52	127
note	148.151	0.0976562	81	127
note	148.251	0.0976562	79	127
note	148.151	0.199219	61	127
note	148.353	0.196615	52	127
note	148.552	0.196615	63	127
note	148.353	0.582031	81	127
note	148.751	0.199219	52	127
note	148.952	0.196615	64	127
note	149.151	0.196615	63	127
note	148.952	0.395833	79	127
note	149.35	0.196615	64	127
note	149.549	0.196615	66	127
note	149.35	0.395833	78	127
note	149.749	0.196615	67	127
note	149.948	0.196615	64	127
note	149.749	0.395833	76	127
note	150.147	0.196615	66	127
note	150.147	0.290365	75	127
note	150.346	0.196615	64	127
note	150.546	0.0976562	81	127
note	150.546	0.196615	66	127
note	150.65	0.0963542	83	127
note	150.745	0.196615	67	127
note	150.944	0.196615	69	127
note	151.143	0.188802	66	127
note	150.753	0.580729	84	127
note	151.342	0.398438	67	127
note	151.342	0.398438	83	127
note	151.743	0.196615	69	127
note	151.743	0.196615	84	127
note	151.943	0.196615	67	127
note	151.943	0.196615	83	127
note	152.142	0.196615	66	127
note	152.142	0.196615	81	127
note	152.341	0.196615	64	127
note	152.341	0.196615	79	127
note	152.54	0.398438	78	127
note	152.94	0.196615	81	127
note	153.139	0.196615	79	127
note	153.339	0.196615	78	127
note	153.538	0.196615	76	127
note	153.939	0.196615	67	127
note	153.737	0.398438	75	127
note	152.54	1.78255	69	127
note	154.138	0.199219	66	127
note	154.138	0.398438	81	127
note	154.339	0.394531	69	127
note	154.538	0.196615	64	127
note	154.538	0.395833	79	127
note	154.737	0.394531	69	127
note	154.936	0.196615	63	127
note	154.936	0.395833	78	127
note	155.135	0.394531	69	127
note	155.335	0.196615	61	127
note	155.335	0.395833	76	127
note	155.534	0.394531	69	127
note	155.733	0.248698	59	127
note	155.932	0.199219	69	127
note	155.733	0.398438	75	127
note	156.134	0.398438	67	127
note	156.134	0.398438	76	127
note	156.534	0.196615	66	127
note	156.733	0.196615	67	127
note	156.534	0.395833	74	127
note	156.932	0.196615	69	127
note	157.132	0.196615	67	127
note	156.932	0.395833	72	127
note	157.331	0.398438	66	127
note	157.331	0.398438	74	127
note	157.732	0.196615	64	127
note	157.931	0.196615	66	127
note	157.732	0.395833	72	127
note	158.13	0.196615	67	127
note	158.329	0.196615	66	127
note	158.13	0.395833	71	127
note	158.529	0.395833	72	127
note	158.729	0.196615	84	127
note	158.529	0.398438	64	127
note	158.928	0.196615	83	127
note	159.128	0.196615	81	127
note	158.928	0.395833	66	127
note	159.327	0.196615	79	127
note	159.526	0.196615	83	127
note	159.327	0.395833	67	127
note	159.725	0.196615	81	127
note	159.725	0.309896	72	127
note	159.924	0.196615	83	127
note	160.124	0.196615	81	127
note	160.323	0.196615	79	127
note	160.522	0.196615	78	127
note	160.124	0.729167	63	127
note	160.721	0.196615	81	127
note	160.921	0.196615	79	127
note	161.12	0.196615	81	127
note	160.921	0.395833	64	127
note	161.319	0.196615	79	127
note	161.518	0.196615	78	127
note	161.319	0.395833	66	127
note	161.717	0.196615	76	127
note	161.917	0.196615	79	127
note	161.717	0.395833	67	127
note	162.116	0.196615	78	127
note	162.116	0.309896	69	127
note	162.315	0.196615	79	127
note	162.514	0.196615	78	127
note	162.714	0.196615	76	127
note	162.913	0.196615	75	127
note	163.112	0.196615	78	127
note	162.514	0.794271	59	127
note	163.311	0.196615	60	127
note	163.51	0.196615	59	127
note	163.311	0.395833	76	127
note	163.71	0.196615	57	127
note	163.71	0.196615	78	127
note	163.909	0.196615	59	127
note	163.909	0.196615	79	127
note	164.108	0.196615	61	127
note	164.307	0.196615	63	127
note	164.507	0.196615	64	127
note	164.108	0.704427	81	127
note	164.706	0.196615	63	127
note	164.905	0.196615	64	127
note	164.905	0.196615	79	127
note	165.104	0.196615	66	127
note	165.104	0.196615	81	127
note	165.303	0.196615	67	127
note	165.503	0.196615	69	127
note	165.904	0.0976562	47	127
note	166.004	0.0976562	49	127
note	165.303	0.798177	83	127
note	166.104	0.196615	51	127
note	166.303	0.196615	47	127
note	166.104	0.395833	81	127
note	166.503	0.196615	52	127
note	166.702	0.196615	47	127
note	166.503	0.395833	79	127
note	166.901	0.196615	54	127
note	166.901	0.196615	78	127
note	167.1	0.196615	47	127
note	167.1	0.196615	79	127
note	165.702	1.59505	71	127
note	167.299	0.196615	55	127
note	167.499	0.196615	47	127
note	167.299	0.395833	72	127
note	167.299	0.395833	81	127
note	167.698	0.196615	57	127
note	167.897	0.196615	47	127
note	167.698	0.395833	66	127
note	167.698	0.395833	75	127
note	168.096	0.196615	55	127
note	168.096	0.196615	64	127
note	168.296	0.196615	54	127
note	168.296	0.196615	66	127
note	168.495	0.251302	52	127
note	168.096	0.798177	76	127
note	168.697	0.199219	55	127
note	168.897	0.251302	50	127
note	168.897	0.39974	71	127
note	169.099	0.199219	55	127
note	168.495	1.0013	67	127
note	169.299	0.248698	49	127
note	169.499	0.199219	55	127
note	169.499	0.199219	66	127
note	169.701	0.196615	64	127
note	169.701	0.248698	47	127
note	169.9	0.199219	55	127
note	169.9	0.199219	62	127
note	170.1	0.196615	61	127
note	170.1	0.227865	45	127
note	170.299	0.199219	55	127
note	170.299	0.199219	64	127
note	170.501	0.196615	54	127
note	170.501	0.196615	62	127
note	169.299	1.59635	69	127
note	170.701	0.196615	52	127
note	170.701	0.196615	64	127
note	170.9	0.270833	50	127
note	171.1	0.196615	54	127
note	171.299	0.270833	49	127
note	171.5	0.196615	54	127
note	171.299	0.398438	69	127
note	170.9	0.997396	66	127
note	171.699	0.269531	47	127
note	171.898	0.196615	54	127
note	171.898	0.196615	64	127
note	172.098	0.196615	62	127
note	172.098	0.269531	45	127
note	172.297	0.196615	54	127
note	172.297	0.196615	61	127
note	172.496	0.196615	59	127
note	172.496	0.227865	43	127
note	172.695	0.199219	54	127
note	172.695	0.199219	62	127
note	172.897	0.196615	52	127
note	172.897	0.196615	61	127
note	173.096	0.196615	50	127
note	173.096	0.196615	62	127
note	171.699	1.59375	67	127
note	173.296	0.291667	49	127
note	173.496	0.196615	52	127
note	173.695	0.291667	47	127
note	173.897	0.196615	52	127
note	173.695	0.398438	67	127
note	173.296	0.988281	64	127
note	174.096	0.291667	46	127
note	174.297	0.196615	52	127
note	174.297	0.196615	62	127
note	174.496	0.196615	61	127
note	174.496	0.269531	44	127
note	174.695	0.196615	52	127
note	174.695	0.196615	59	127
note	174.895	0.196615	58	127
note	174.895	0.227865	42	127
note	175.094	0.199219	52	127
note	175.094	0.199219	61	127
note	175.296	0.196615	50	127
note	174.096	1.39583	66	127
note	175.296	0.394531	59	127
note	175.495	0.196615	54	127
note	175.495	0.196615	71	127
note	175.694	0.196615	52	127
note	175.694	0.196615	73	127
note	175.893	0.196615	50	127
note	175.893	0.196615	71	127
note	176.092	0.196615	49	127
note	176.092	0.196615	70	127
note	176.292	0.196615	47	127
note	176.292	0.196615	71	127
note	176.491	0.196615	46	127
note	176.69	0.196615	49	127
note	176.491	0.395833	73	127
note	176.889	0.196615	47	127
note	176.889	0.196615	74	127
note	177.089	0.196615	46	127
note	177.089	0.196615	73	127
note	177.288	0.196615	44	127
note	177.288	0.196615	71	127
note	177.487	0.196615	42	127
note	177.487	0.196615	73	127
note	177.686	0.398438	47	127
note	177.686	0.398438	74	127
note	178.086	0.196615	49	127
note	178.285	0.196615	47	127
note	178.086	0.395833	73	127
note	178.484	0.196615	46	127
note	178.684	0.196615	47	127
note	178.484	0.395833	71	127
note	178.883	0.3125	70	127
note	178.883	0.398438	49	127
note	179.284	0.196615	50	127
note	179.483	0.196615	49	127
note	179.682	0.196615	47	127
note	179.882	0.196615	49	127
note	179.284	0.794271	79	127
note	180.081	0.398438	50	127
note	180.081	0.398438	78	127
note	180.48	0.196615	79	127
note	180.68	0.196615	78	127
note	180.48	0.395833	49	127
note	180.879	0.196615	76	127
note	181.078	0.196615	74	127
note	180.879	0.395833	47	127
note	181.277	0.352865	46	127
note	181.277	0.398438	73	127
note	181.678	0.196615	76	127
note	181.878	0.196615	74	127
note	182.077	0.196615	73	127
note	182.276	0.196615	71	127
note	181.678	0.794271	55	127
note	182.475	0.196615	54	127
note	182.475	0.196615	70	127
note	182.674	0.196615	56	127
note	182.674	0.196615	71	127
note	182.874	0.251302	58	127
note	182.874	0.395833	73	127
note	183.074	0.196615	54	127
note	183.074	0.248698	70	127
note	183.273	0.251302	59	127
note	183.273	0.395833	74	127
note	183.475	0.196615	54	127
note	183.475	0.248698	70	127
note	183.674	0.251302	61	127
note	183.674	0.395833	76	127
note	183.875	0.196615	54	127
note	183.875	0.248698	70	127
note	184.074	0.251302	62	127
note	184.074	0.395833	78	127
note	184.276	0.196615	54	127
note	184.276	0.248698	70	127
note	184.475	0.251302	64	127
note	184.475	0.395833	79	127
note	184.676	0.196615	54	127
note	184.676	0.394531	70	127
note	184.875	0.196615	62	127
note	185.074	0.196615	54	127
note	185.074	0.196615	70	127
note	184.875	0.582031	78	127
note	185.273	0.199219	55	127
note	185.273	0.395833	71	127
note	185.475	0.196615	62	127
note	185.475	0.196615	78	127
note	185.674	0.0976562	61	127
note	185.674	0.0976562	76	127
note	185.775	0.0976562	59	127
note	185.775	0.0976562	74	127
note	185.875	0.0976562	58	127
note	185.875	0.0976562	73	127
note	185.975	0.0976562	59	127
note	185.975	0.0976562	74	127
note	186.076	0.196615	61	127
note	186.275	0.196615	52	127
note	186.275	0.196615	68	127
note	186.076	0.582031	76	127
note	186.474	0.199219	54	127
note	186.474	0.395833	70	127
note	186.676	0.196615	61	127
note	186.676	0.196615	76	127
note	186.875	0.0976562	59	127
note	186.875	0.0976562	74	127
note	186.975	0.0976562	58	127
note	186.975	0.0976562	73	127
note	187.076	0.0976562	56	127
note	187.076	0.0976562	71	127
note	187.177	0.0976562	58	127
note	187.177	0.0976562	73	127
note	187.277	0.196615	59	127
note	187.477	0.196615	61	127
note	187.676	0.395833	62	127
note	187.876	0.196615	59	127
note	188.076	0.395833	64	127
note	188.277	0.196615	59	127
note	188.477	0.395833	66	127
note	188.677	0.196615	59	127
note	188.876	0.395833	68	127
note	189.078	0.196615	59	127
note	189.277	0.395833	69	127
note	189.478	0.196615	59	127
note	189.277	0.398438	47	127
note	189.677	0.196615	52	127
note	189.876	0.196615	54	127
note	189.677	0.395833	68	127
note	190.076	0.270833	56	127
note	190.277	0.196615	52	127
note	190.076	0.398438	64	127
note	190.477	0.270833	57	127
note	190.677	0.196615	52	127
note	190.477	0.398438	66	127
note	190.876	0.270833	59	127
note	191.077	0.196615	52	127
note	190.876	0.398438	68	127
note	191.276	0.251302	61	127
note	191.276	0.39974	69	127
note	191.478	0.199219	52	127
note	191.678	0.230469	62	127
note	191.88	0.199219	52	127
note	191.678	0.585938	71	127
note	187.277	5.0026	74	127
note	192.27	0.0976562	66	127
note	192.375	0.0976562	68	127
note	192.081	0.597656	61	127
note	192.081	0.597656	64	127
note	192.482	0.394531	69	127
note	192.681	0.196615	62	127
note	192.681	0.196615	64	127
note	192.88	0.196615	61	127
note	192.88	0.394531	71	127
note	193.079	0.196615	59	127
note	193.079	0.196615	64	127
note	193.279	0.196615	57	127
note	193.279	0.394531	73	127
note	193.478	0.196615	59	127
note	193.478	0.196615	64	127
note	193.677	0.196615	57	127
note	193.677	0.352865	74	127
note	193.876	0.199219	55	127
note	193.876	0.251302	66	127
note	194.077	0.199219	54	127
note	194.077	0.3125	76	127
note	194.279	0.196615	52	127
note	194.279	0.196615	67	127
note	194.077	0.398438	49	127
note	194.478	0.196615	66	127
note	194.677	0.0976562	67	127
note	194.777	0.0976562	69	127
note	194.478	0.597656	50	127
note	194.878	0.394531	71	127
note	195.077	0.196615	52	127
note	195.077	0.196615	66	127
note	195.276	0.196615	50	127
note	195.276	0.394531	73	127
note	195.475	0.196615	49	127
note	195.475	0.196615	66	127
note	195.674	0.196615	47	127
note	195.674	0.394531	74	127
note	195.874	0.196615	49	127
note	195.874	0.196615	66	127
note	196.073	0.196615	47	127
note	196.073	0.394531	76	127
note	196.272	0.196615	45	127
note	196.272	0.248698	67	127
note	196.471	0.199219	43	127
note	196.471	0.199219	78	127
note	196.673	0.196615	42	127
note	196.673	0.196615	69	127
note	196.872	0.196615	67	127
note	197.072	0.196615	66	127
note	196.872	0.395833	40	127
note	197.471	0.196615	71	127
note	197.271	0.398438	50	127
note	197.271	0.584635	67	127
note	197.671	0.395833	76	127
note	197.872	0.196615	67	127
note	197.671	0.398438	49	127
note	198.072	0.395833	66	127
note	198.272	0.196615	71	127
note	198.072	0.553385	50	127
note	198.471	0.196615	52	127
note	198.471	0.196615	69	127
note	198.671	0.196615	50	127
note	198.671	0.196615	73	127
note	198.87	0.196615	49	127
note	199.069	0.196615	50	127
note	198.87	0.395833	47	127
note	199.268	0.398438	43	127
note	199.268	0.398438	52	127
note	198.87	0.796875	74	127
note	199.668	0.196615	54	127
note	199.867	0.196615	52	127
note	200.066	0.196615	50	127
note	199.668	0.704427	73	127
note	199.668	0.794271	45	127
note	200.267	0.196615	52	127
note	200.466	0.398438	50	127
note	200.466	0.398438	54	127
note	200.466	0.398438	74	127
note	200.866	0.196615	76	127
note	201.065	0.196615	74	127
note	200.866	0.395833	49	127
note	200.866	0.395833	52	127
note	201.264	0.196615	73	127
note	201.464	0.196615	74	127
note	201.264	0.395833	47	127
note	201.264	0.395833	50	127
note	201.663	0.3125	49	127
note	201.663	0.398438	76	127
note	202.062	0.196615	78	127
note	202.262	0.196615	76	127
note	202.461	0.196615	74	127
note	202.66	0.196615	76	127
note	202.062	0.794271	59	127
note	202.859	0.398438	57	127
note	202.859	0.398438	78	127
note	203.26	0.196615	59	127
note	203.26	0.196615	79	127
note	203.46	0.196615	57	127
note	203.46	0.196615	78	127
note	203.659	0.196615	55	127
note	203.659	0.196615	76	127
note	203.858	0.196615	54	127
note	203.858	0.196615	74	127
note	204.057	0.291667	73	127
note	204.057	0.398438	52	127
note	204.457	0.196615	55	127
note	204.656	0.196615	54	127
note	204.855	0.196615	52	127
note	205.055	0.196615	50	127
note	201.663	3.58984	45	127
note	204.457	0.99349	83	127
note	205.453	0.196615	81	127
note	205.652	0.196615	83	127
note	205.254	0.794271	49	127
note	205.853	0.196615	81	127
note	206.052	0.196615	79	127
note	206.052	0.395833	50	127
note	206.251	0.290365	78	127
note	206.543	0.0976562	76	127
note	206.451	0.196615	49	127
note	206.637	0.0976562	78	127
note	206.637	0.0976562	55	127
note	206.729	0.0976562	76	127
note	206.729	0.0976562	54	127
note	206.82	0.0976562	78	127
note	206.913	0.0976562	76	127
note	206.85	0.199219	52	127
note	207.005	0.0976562	78	127
note	207.098	0.0976562	76	127
note	207.051	0.199219	55	127
note	207.19	0.0976562	78	127
note	207.281	0.0976562	76	127
note	207.253	0.199219	50	127
note	207.374	0.0976562	78	127
note	207.467	0.0976562	76	127
note	205.254	2.39583	45	127
note	207.453	0.199219	55	127
note	207.559	0.0976562	78	127
note	207.651	0.0976562	76	127
note	207.743	0.0976562	78	127
note	207.655	0.199219	49	127
note	207.835	0.0976562	76	127
note	207.928	0.0976562	78	127
note	207.855	0.199219	55	127
note	208.02	0.0976562	76	127
note	208.112	0.0976562	78	127
note	208.057	0.199219	47	127
note	208.204	0.0976562	76	127
note	208.297	0.0976562	78	127
note	208.258	0.199219	55	127
note	208.389	0.0976562	76	127
note	208.482	0.0976562	78	127
note	208.46	0.199219	45	127
note	208.66	0.199219	55	127
note	208.573	0.338542	76	127
note	208.861	0.196615	54	127
note	209.06	0.0976562	81	127
note	209.161	0.0976562	79	127
note	209.06	0.199219	55	127
note	209.262	0.251302	78	127
note	209.462	0.199219	52	127
note	209.462	0.199219	81	127
note	209.664	0.196615	50	127
note	209.664	0.248698	76	127
note	209.863	0.199219	49	127
note	209.863	0.199219	81	127
note	209.262	0.998698	57	127
note	210.064	0.248698	74	127
note	210.263	0.199219	55	127
note	210.263	0.199219	81	127
note	210.465	0.196615	54	127
note	210.465	0.248698	73	127
note	210.664	0.199219	52	127
note	210.664	0.199219	81	127
note	210.865	0.196615	50	127
note	210.865	0.248698	71	127
note	210.064	1.19792	47	127
note	211.064	0.199219	54	127
note	211.064	0.199219	81	127
note	211.266	0.196615	52	127
note	211.266	0.196615	79	127
note	211.465	0.196615	54	127
note	211.465	0.196615	78	127
note	211.664	0.291667	76	127
note	211.865	0.196615	50	127
note	211.865	0.196615	79	127
note	212.064	0.196615	49	127
note	212.064	0.290365	74	127
note	212.263	0.196615	47	127
note	212.263	0.196615	79	127
note	211.664	0.996094	55	127
note	212.462	0.290365	73	127
note	212.661	0.196615	54	127
note	212.661	0.196615	79	127
note	212.861	0.196615	52	127
note	212.861	0.290365	71	127
note	213.06	0.196615	50	127
note	213.06	0.196615	79	127
note	213.259	0.196615	49	127
note	213.259	0.290365	69	127
note	213.458	0.196615	52	127
note	213.458	0.196615	79	127
note	212.462	1.19271	45	127
note	213.658	0.196615	50	127
note	213.658	0.196615	78	127
note	213.857	0.196615	52	127
note	213.857	0.196615	76	127
note	214.056	0.334635	74	127
note	214.258	0.199219	48	127
note	214.258	0.199219	78	127
note	214.458	0.196615	47	127
note	214.458	0.332031	72	127
note	214.658	0.199219	45	127
note	214.658	0.199219	78	127
note	214.056	0.998698	54	127
note	214.858	0.332031	71	127
note	215.057	0.199219	47	127
note	215.057	0.199219	78	127
note	214.858	0.584635	43	127
note	215.259	0.199219	49	127
note	215.259	0.334635	69	127
note	215.46	0.199219	51	127
note	215.46	0.199219	78	127
note	215.661	0.196615	52	127
note	215.661	0.332031	67	127
note	215.861	0.199219	54	127
note	215.861	0.199219	78	127
note	216.061	0.196615	55	127
note	216.061	0.196615	76	127
note	216.26	0.196615	57	127
note	216.26	0.196615	74	127
note	216.46	0.196615	55	127
note	216.46	0.352865	73	127
note	216.659	0.199219	54	127
note	216.659	0.199219	76	127
note	216.861	0.196615	52	127
note	216.861	0.332031	71	127
note	217.06	0.199219	50	127
note	217.06	0.199219	76	127
note	217.26	0.196615	49	127
note	217.26	0.309896	69	127
note	217.46	0.196615	45	127
note	217.46	0.196615	76	127
note	217.659	0.196615	47	127
note	217.659	0.248698	67	127
note	217.858	0.199219	49	127
note	217.858	0.199219	76	127
note	218.06	0.196615	50	127
note	218.06	0.196615	66	127
note	218.259	0.196615	52	127
note	218.259	0.196615	76	127
note	218.458	0.196615	54	127
note	218.658	0.196615	55	127
note	218.658	0.196615	66	127
note	218.857	0.196615	64	127
note	218.458	0.789062	74	127
note	219.255	0.196615	74	127
note	219.056	0.582031	67	127
note	218.857	0.789062	57	127
note	219.454	0.196615	73	127
note	219.255	0.395833	45	127
note	219.654	0.0976562	76	127
note	219.754	0.0976562	74	127
note	219.854	0.0976562	76	127
note	219.954	0.0976562	74	127
note	219.654	0.39974	50	127
note	220.056	0.0976562	76	127
note	220.156	0.0976562	74	127
note	220.056	0.199219	48	127
note	220.257	0.0976562	76	127
note	220.357	0.0976562	74	127
note	220.257	0.199219	50	127
note	220.457	0.0976562	76	127
note	220.559	0.0976562	74	127
note	220.457	0.199219	52	127
note	220.659	0.0976562	76	127
note	220.759	0.0976562	74	127
note	220.659	0.199219	50	127
note	220.859	0.0976562	76	127
note	220.961	0.0976562	74	127
note	221.061	0.0976562	76	127
note	221.161	0.0976562	74	127
note	220.859	0.39974	48	127
note	221.262	0.0976562	76	127
note	221.362	0.0976562	74	127
note	221.262	0.199219	47	127
note	221.464	0.0976562	76	127
note	221.564	0.0976562	74	127
note	221.464	0.199219	48	127
note	221.664	0.0976562	76	127
note	221.764	0.0976562	74	127
note	221.664	0.199219	50	127
note	221.866	0.0976562	72	127
note	221.866	0.199219	48	127
note	222.267	0.196615	67	127
note	222.066	0.398438	47	127
note	222.466	0.196615	65	127
note	222.665	0.196615	64	127
note	222.466	0.395833	48	127
note	222.865	0.196615	62	127
note	223.064	0.196615	65	127
note	222.865	0.395833	50	127
note	223.263	0.196615	64	127
note	223.263	0.332031	55	127
note	221.966	1.6862	74	127
note	223.462	0.196615	65	127
note	223.661	0.196615	64	127
note	223.861	0.196615	62	127
note	224.06	0.196615	60	127
note	224.259	0.196615	64	127
note	223.661	0.794271	45	127
note	224.458	0.196615	62	127
note	224.458	0.395833	47	127
note	223.661	1.19271	72	127
note	224.659	0.196615	64	127
note	224.858	0.196615	62	127
note	225.057	0.196615	60	127
note	224.858	0.395833	48	127
note	225.257	0.196615	59	127
note	225.456	0.196615	62	127
note	225.257	0.395833	50	127
note	225.655	0.196615	60	127
note	225.655	0.332031	52	127
note	225.854	0.199219	62	127
note	224.858	1.19531	71	127
note	226.055	0.196615	60	127
note	226.254	0.196615	59	127
note	226.453	0.196615	57	127
note	226.652	0.196615	60	127
note	226.055	0.794271	42	127
note	226.055	0.997396	69	127
note	227.052	0.196615	67	127
note	226.852	0.398438	43	127
note	227.251	0.196615	42	127
note	227.251	0.196615	69	127
note	227.452	0.196615	43	127
note	227.452	0.196615	67	127
note	227.651	0.196615	45	127
note	227.651	0.196615	66	127
note	227.85	0.196615	47	127
note	227.85	0.196615	67	127
note	226.852	1.19531	59	127
note	228.049	0.242188	66	127
note	228.283	0.0976562	62	127
note	228.049	0.401042	38	127
note	228.049	0.429688	57	127
note	228.384	0.0976562	64	127
note	228.484	0.200521	60	127
note	228.484	0.295573	66	127
note	228.688	0.200521	62	127
note	228.688	0.200521	59	127
note	228.891	0.200521	57	127
note	228.891	0.295573	67	127
note	229.092	0.200521	62	127
note	229.092	0.200521	55	127
note	229.296	0.200521	54	127
note	229.296	0.295573	69	127
note	229.499	0.200521	62	127
note	229.499	0.200521	52	127
note	229.702	0.200521	50	127
note	229.702	0.295573	71	127
note	229.905	0.200521	62	127
note	229.905	0.200521	48	127
note	230.108	0.200521	47	127
note	230.108	0.295573	72	127
note	230.311	0.200521	62	127
note	230.311	0.200521	45	127
note	230.514	0.201823	71	127
note	230.514	0.201823	43	127
note	230.719	0.201823	79	127
note	230.719	0.201823	45	127
note	230.923	0.201823	77	127
note	230.923	0.299479	47	127
note	231.128	0.204427	76	127
note	231.128	0.204427	43	127
note	231.335	0.201823	74	127
note	231.335	0.299479	48	127
note	231.539	0.204427	72	127
note	231.539	0.204427	43	127
note	231.746	0.201823	71	127
note	231.746	0.299479	50	127
note	231.952	0.204427	69	127
note	231.952	0.204427	43	127
note	232.158	0.201823	67	127
note	232.158	0.299479	52	127
note	232.363	0.204427	65	127
note	232.363	0.204427	43	127
note	232.569	0.201823	64	127
note	232.569	0.299479	53	127
note	232.775	0.204427	62	127
note	232.775	0.204427	43	127
note	232.98	0.205729	60	127
note	232.98	0.205729	52	127
note	233.189	0.101562	40	127
note	233.189	0.205729	76	127
note	233.294	0.101562	42	127
note	233.398	0.205729	74	127
note	233.398	0.347656	44	127
note	233.607	0.205729	72	127
note	233.607	0.205729	40	127
note	233.815	0.205729	71	127
note	233.815	0.347656	45	127
note	234.023	0.205729	69	127
note	234.023	0.205729	40	127
note	234.232	0.205729	68	127
note	234.232	0.347656	47	127
note	234.44	0.205729	66	127
note	234.44	0.205729	40	127
note	234.65	0.205729	64	127
note	234.65	0.347656	48	127
note	234.858	0.205729	62	127
note	234.858	0.205729	40	127
note	235.066	0.205729	60	127
note	235.066	0.347656	50	127
note	235.275	0.205729	59	127
note	235.275	0.205729	40	127
note	235.483	0.208333	57	127
note	235.483	0.208333	49	127
note	235.694	0.208333	59	127
note	235.694	0.208333	57	127
note	235.904	0.208333	55	127
note	235.904	0.416667	61	127
note	236.115	0.208333	54	127
note	236.115	0.30599	57	127
note	236.326	0.208333	52	127
note	236.326	0.416667	62	127
note	236.535	0.208333	50	127
note	236.535	0.30599	57	127
note	236.746	0.208333	49	127
note	236.746	0.416667	64	127
note	236.956	0.208333	47	127
note	236.956	0.30599	57	127
note	237.167	0.208333	45	127
note	237.167	0.416667	66	127
note	237.378	0.208333	43	127
note	237.378	0.373698	57	127
note	237.587	0.209635	67	127
note	237.587	0.209635	42	127
note	237.799	0.208333	57	127
note	237.799	0.208333	40	127
note	238.01	0.425781	66	127
note	238.01	0.425781	62	127
note	238.439	0.21224	60	127
note	238.652	0.21224	62	127
note	238.439	0.425781	71	127
note	238.867	0.21224	64	127
note	239.081	0.21224	62	127
note	238.867	0.425781	67	127
note	238.01	1.28255	38	127
note	239.294	0.425781	64	127
note	239.294	0.425781	60	127
note	239.723	0.21224	59	127
note	239.723	0.425781	69	127
note	239.938	0.21224	60	127
note	240.151	0.21224	62	127
note	240.151	0.425781	66	127
note	240.366	0.21224	60	127
note	240.579	0.425781	59	127
note	239.294	1.71094	38	127
note	240.794	0.21224	50	127
note	241.008	0.21224	48	127
note	241.221	0.21224	50	127
note	241.008	0.425781	60	127
note	241.436	0.21224	52	127
note	241.65	0.21224	50	127
note	241.436	0.425781	62	127
note	240.579	1.49609	67	127
note	241.865	0.356771	64	127
note	242.078	0.21224	69	127
note	241.865	0.425781	48	127
note	242.293	0.104167	71	127
note	242.398	0.104167	69	127
note	242.293	0.209635	47	127
note	242.505	0.104167	71	127
note	242.611	0.104167	69	127
note	242.505	0.209635	48	127
note	242.717	0.104167	71	127
note	242.823	0.104167	69	127
note	242.717	0.209635	50	127
note	242.93	0.104167	67	127
note	243.035	0.104167	69	127
note	242.93	0.209635	48	127
note	242.293	0.846354	54	127
note	243.142	0.425781	71	127
note	243.142	0.425781	55	127
note	243.142	0.425781	47	127
note	243.57	0.21224	72	127
note	243.57	0.21224	69	127
note	243.57	0.21224	45	127
note	243.784	0.21224	71	127
note	243.784	0.21224	67	127
note	243.784	0.21224	47	127
note	243.999	0.21224	69	127
note	243.999	0.21224	66	127
note	243.999	0.21224	48	127
note	244.212	0.21224	71	127
note	244.212	0.21224	67	127
note	244.212	0.21224	47	127
note	244.427	0.425781	72	127
note	244.427	0.425781	69	127
note	244.427	0.425781	45	127
note	244.854	0.21224	74	127
note	244.854	0.21224	71	127
note	244.854	0.21224	43	127
note	245.069	0.21224	72	127
note	245.069	0.21224	69	127
note	245.069	0.21224	45	127
note	245.283	0.21224	71	127
note	245.283	0.21224	67	127
note	245.283	0.21224	47	127
note	245.503	0.221354	45	127
note	245.503	0.221354	69	127
note	245.503	0.221354	72	127
note	245.732	0.214844	43	127
note	245.951	0.105469	55	127
note	246.057	0.105469	54	127
note	245.732	0.43099	71	127
note	245.732	0.43099	74	127
note	246.165	0.214844	52	127
note	246.384	0.214844	55	127
note	246.165	0.433594	69	127
note	246.165	0.433594	72	127
note	246.602	0.214844	50	127
note	246.819	0.214844	55	127
note	246.602	0.433594	71	127
note	247.038	0.214844	49	127
note	247.255	0.214844	55	127
note	246.602	0.86849	67	127
note	247.038	0.433594	69	127
note	247.473	0.214844	47	127
note	247.691	0.214844	55	127
note	247.473	0.433594	74	127
note	247.909	0.226562	45	127
note	247.473	0.86849	79	127
note	247.909	0.433594	73	127
note	248.135	0.229167	55	127
note	248.365	0.217448	50	127
note	248.585	0.217448	48	127
note	248.365	0.4375	78	127
note	248.365	0.4375	74	127
note	248.805	0.217448	46	127
note	249.025	0.217448	50	127
note	248.805	0.4375	76	127
note	248.805	0.4375	67	127
note	249.243	0.217448	45	127
note	249.464	0.217448	50	127
note	249.243	0.4375	74	127
note	249.243	0.4375	66	127
note	249.684	0.217448	43	127
note	249.684	0.388021	73	127
note	249.684	0.388021	64	127
note	249.904	0.217448	52	127
note	250.122	0.217448	42	127
note	250.342	0.217448	52	127
note	250.562	0.246094	40	127
note	250.122	0.897135	82	127
note	250.122	0.898438	73	127
note	250.794	0.238281	52	127
note	251.022	0.22526	81	127
note	251.022	0.451823	42	127
note	251.25	0.22526	79	127
note	251.477	0.22526	78	127
note	251.477	0.451823	38	127
note	251.704	0.22526	76	127
note	251.022	1.13281	72	127
note	252.159	0.110677	71	127
note	252.272	0.110677	69	127
note	251.931	0.451823	43	127
note	251.931	0.678385	74	127
note	252.385	0.451823	40	127
note	252.385	0.451823	71	127
note	252.613	0.22526	79	127
note	252.84	0.451823	36	127
note	253.068	0.22526	72	127
note	253.294	0.240885	79	127
note	253.294	0.451823	38	127
note	252.84	0.90625	69	127
note	253.531	0.24349	78	127
note	254.004	0.114583	78	127
note	254.121	0.114583	76	127
note	253.77	0.466146	71	127
note	253.77	0.684896	79	127
note	254.238	0.464844	74	127
note	254.238	0.466146	71	127
note	254.475	0.460938	79	127
note	254.708	0.463542	72	127
note	254.943	0.230469	79	127
note	254.708	0.464844	69	127
note	253.77	1.63802	43	127
note	255.41	0.114583	43	127
note	255.527	0.114583	45	127
note	255.176	0.928385	71	127
note	255.645	0.464844	47	127
note	255.645	0.466146	79	127
note	255.176	0.936198	67	127
note	255.879	0.463542	43	127
note	256.113	0.463542	48	127
note	256.113	0.464844	69	127
note	256.113	0.464844	66	127
note	256.581	0.235677	71	127
note	256.819	0.117188	74	127
note	256.348	0.703125	43	127
note	256.939	0.114583	72	127
note	256.581	0.472656	67	127
note	256.581	0.472656	50	127
note	257.056	0.470052	71	127
note	257.056	0.472656	67	127
note	257.294	0.46875	74	127
note	253.77	4.22917	55	127
note	257.53	0.470052	69	127
note	257.53	0.472656	65	127
note	257.53	0.472656	47	127
note	257.77	0.234375	74	127
note	258.005	0.117188	48	127
note	258.125	0.117188	47	127
note	258.243	0.117188	48	127
note	258.005	0.473958	67	127
note	258.363	0.117188	50	127
note	257.056	1.65885	43	127
note	258.482	0.470052	52	127
note	258.005	0.949219	64	127
note	258.72	0.46875	43	127
note	258.482	0.941406	72	127
note	258.957	0.472656	54	127
note	259.195	0.235677	43	127
note	258.957	0.473958	63	127
note	259.576	0.11849	67	127
note	259.697	0.11849	69	127
note	259.818	0.11849	71	127
note	259.454	0.481771	62	127
note	259.939	0.477865	72	127
note	259.939	0.479167	64	127
note	260.181	0.476562	67	127
note	260.663	0.21875	67	127
note	260.421	0.477865	71	127
note	260.421	0.477865	74	127
note	260.421	0.479167	65	127
note	260.902	0.122396	72	127
note	261.027	0.119792	71	127
note	261.151	0.122396	72	127
note	260.902	0.490885	76	127
note	261.275	0.119792	74	127
note	260.902	0.492188	67	127
note	261.398	0.494792	76	127
note	261.398	0.496094	67	127
note	261.647	0.494792	72	127
note	261.897	0.496094	78	127
note	262.148	0.247396	72	127
note	261.897	0.498698	69	127
note	262.698	0.296875	74	127
note	262.398	0.876302	71	127
note	263.299	0.296875	72	127
note	263	0.876302	76	127
note	262.398	1.5	79	127
note	263.902	0.296875	78	127
note	263.602	0.598958	69	127
note	259.454	6.53906	43	127
note	259.454	6.53906	55	127
note	264.204	5.40495	67	127
note	264.204	5.40495	71	127
note	264.204	5.40495	74	127
note	264.204	5.40495	79	127
