note	0.0833333	0.169271	69	127
note	0.257812	0.169271	71	127
note	0.432292	0.34375	72	127
note	0.782552	0.34375	76	127
note	0.0833333	1.04427	45	127
note	1.13281	0.169271	57	127
note	1.30729	0.169271	56	127
note	1.13281	0.34375	72	127
note	1.48307	0.169271	57	127
note	1.65755	0.169271	56	127
note	1.48307	0.34375	69	127
note	1.83333	0.169271	57	127
note	2.00781	0.169271	56	127
note	1.83333	0.34375	64	127
note	2.18229	0.34375	57	127
note	2.18229	0.34375	69	127
note	2.53255	0.34375	52	127
note	2.53255	0.34375	72	127
note	2.88281	0.34375	48	127
note	2.88281	0.34375	76	127
note	3.23307	0.169271	71	127
note	3.40755	0.169271	72	127
note	3.58333	0.34375	74	127
note	3.93229	0.34375	77	127
note	3.23307	1.04427	45	127
note	4.28255	0.169271	57	127
note	4.28255	0.34375	74	127
note	4.45833	0.169271	56	127
note	4.63281	0.169271	57	127
note	4.80729	0.169271	56	127
note	4.63281	0.34375	71	127
note	4.98307	0.169271	57	127
note	5.15755	0.169271	56	127
note	4.98307	0.34375	68	127
note	5.33333	0.34375	57	127
note	5.33333	0.34375	71	127
note	5.68229	0.34375	53	127
note	5.68229	0.34375	74	127
note	6.03255	0.34375	50	127
note	6.03255	0.34375	77	127
note	6.38281	0.169271	74	127
note	6.55729	0.169271	76	127
note	6.73307	0.34375	77	127
note	7.08333	0.34375	80	127
note	6.38281	1.04427	45	127
note	7.43229	0.169271	57	127
note	7.43229	0.34375	77	127
note	7.60807	0.169271	56	127
note	7.78255	0.169271	57	127
note	7.78255	0.34375	74	127
note	7.95833	0.169271	56	127
note	8.13281	0.169271	57	127
note	8.30729	0.169271	56	127
note	8.13281	0.34375	71	127
note	8.48307	0.34375	57	127
note	8.48307	0.34375	74	127
note	8.83333	0.34375	53	127
note	8.83333	0.34375	77	127
note	9.18229	0.34375	50	127
note	9.18229	0.34375	80	127
note	9.53255	0.34375	81	127
note	9.88281	0.169271	79	127
note	10.0573	0.169271	77	127
note	10.2331	0.169271	76	127
note	10.4076	0.169271	74	127
note	9.53255	1.04818	45	127
note	10.9323	0.34375	69	127
note	11.2826	0.34375	64	127
note	10.5833	1.04818	72	127
note	11.6328	0.34375	60	127
note	11.9831	0.34375	57	127
note	12.3333	0.34375	63	127
note	12.6823	0.169271	52	127
note	12.8581	0.169271	54	127
note	13.0326	0.34375	55	127
note	12.9193	0.802083	79	127
note	13.3828	0.34375	59	127
note	12.6823	1.04818	71	127
note	12.8008	1.09375	76	127
note	13.9076	0.169271	75	127
note	13.7331	0.34375	55	127
note	14.0833	0.169271	76	127
note	14.2578	0.169271	75	127
note	14.0833	0.34375	52	127
note	14.4323	0.169271	76	127
note	14.4323	0.34375	47	127
note	14.6081	0.169271	75	127
note	14.7826	0.169271	76	127
note	14.7826	0.34375	52	127
note	14.9583	0.169271	71	127
note	15.1328	0.169271	69	127
note	15.3073	0.169271	67	127
note	15.1328	0.34375	55	127
note	15.4831	0.169271	66	127
note	15.4831	0.34375	59	127
note	15.8333	0.169271	54	127
note	16.0078	0.169271	55	127
note	16.1823	0.34375	57	127
note	16.5326	0.34375	60	127
note	16.0078	1.03906	69	127
note	16.1823	0.86849	72	127
note	15.6576	1.39714	64	127
note	17.0573	0.169271	71	127
note	16.8828	0.34375	57	127
note	17.2331	0.169271	72	127
note	17.4076	0.169271	71	127
note	17.2331	0.34375	54	127
note	17.5833	0.169271	72	127
note	17.7578	0.169271	71	127
note	17.5833	0.34375	51	127
note	17.9323	0.169271	72	127
note	17.9323	0.34375	54	127
note	18.1081	0.169271	79	127
note	18.2826	0.169271	78	127
note	18.2826	0.34375	57	127
note	18.4583	0.169271	76	127
note	18.6328	0.169271	75	127
note	18.8073	0.169271	76	127
note	18.6328	0.34375	60	127
note	18.9831	0.169271	57	127
note	19.1576	0.169271	59	127
note	19.3333	0.34375	60	127
note	19.6823	0.34375	63	127
note	18.9831	1.04818	66	127
note	19.1029	0.929688	69	127
note	19.224	0.820312	72	127
note	19.3438	0.875	75	127
note	20.0326	0.34375	60	127
note	20.2083	0.169271	76	127
note	20.3828	0.169271	78	127
note	20.5573	0.169271	76	127
note	20.3828	0.34375	57	127
note	20.7331	0.169271	78	127
note	20.9076	0.169271	76	127
note	20.7331	0.34375	54	127
note	21.0833	0.169271	78	127
note	21.2578	0.169271	76	127
note	21.0833	0.34375	57	127
note	21.4323	0.169271	75	127
note	21.4323	0.34375	60	127
note	21.6081	0.169271	78	127
note	21.7826	0.169271	71	127
note	21.7826	0.34375	63	127
note	21.9583	0.169271	69	127
note	22.1328	0.34375	64	127
note	22.4831	0.169271	52	127
note	22.6576	0.169271	54	127
note	22.8333	0.169271	55	127
note	23.0078	0.169271	57	127
note	22.1328	1.39453	67	127
note	23.1823	0.692708	59	127
note	23.5326	0.34375	64	127
note	23.8828	0.34375	67	127
note	24.2331	0.692708	71	127
note	24.9323	0.34375	70	127
note	24.5833	0.692708	76	127
note	25.2826	0.169271	64	127
note	25.4583	0.169271	66	127
note	25.2826	0.692708	71	127
note	25.6328	0.34375	67	127
note	25.9831	0.34375	71	127
note	25.4102	0.932292	76	127
note	25.5378	0.957031	79	127
note	26.5078	0.169271	78	127
note	26.3333	0.34375	67	127
note	26.6823	0.169271	79	127
note	26.6823	0.34375	64	127
note	26.8581	0.169271	78	127
note	27.0326	0.169271	79	127
note	27.0326	0.34375	59	127
note	27.2083	0.169271	78	127
note	27.3828	0.169271	79	127
note	27.5573	0.169271	77	127
note	27.3828	0.34375	61	127
note	27.7331	0.169271	76	127
note	27.9076	0.169271	74	127
note	27.7331	0.34375	64	127
note	28.0833	0.169271	73	127
note	28.2578	0.169271	71	127
note	28.0833	0.34375	69	127
note	28.4323	0.169271	62	127
note	28.6081	0.169271	64	127
note	28.4323	0.692708	69	127
note	28.7826	0.34375	65	127
note	28.5781	0.893229	74	127
note	29.1328	0.34375	69	127
note	28.724	0.941406	77	127
note	29.6576	0.169271	76	127
note	29.4831	0.34375	65	127
note	29.8333	0.169271	77	127
note	30.0078	0.169271	76	127
note	29.8333	0.34375	62	127
note	30.1823	0.169271	77	127
note	30.1823	0.34375	57	127
note	30.3581	0.169271	76	127
note	30.5326	0.169271	77	127
note	30.5326	0.34375	59	127
note	30.7083	0.169271	76	127
note	30.8828	0.169271	74	127
note	31.0573	0.169271	72	127
note	30.8828	0.34375	62	127
note	31.2331	0.169271	71	127
note	31.4076	0.169271	69	127
note	31.2331	0.34375	67	127
note	31.5833	0.169271	60	127
note	31.7578	0.169271	62	127
note	31.9323	0.34375	64	127
note	31.5833	0.692708	67	127
note	32.2826	0.34375	67	127
note	31.7578	1.04818	72	127
note	31.9323	0.875	76	127
note	32.8073	0.169271	74	127
note	32.6328	0.34375	64	127
note	32.9831	0.169271	76	127
note	33.1576	0.169271	74	127
note	32.9831	0.34375	60	127
note	33.3333	0.169271	76	127
note	33.5078	0.169271	74	127
note	33.3333	0.34375	55	127
note	33.6823	0.169271	72	127
note	33.6823	0.34375	57	127
note	33.8581	0.169271	79	127
note	34.0326	0.169271	77	127
note	34.0326	0.34375	60	127
note	34.2083	0.169271	76	127
note	34.3828	0.169271	74	127
note	34.5573	0.169271	72	127
note	34.3828	0.34375	65	127
note	34.7331	0.169271	71	127
note	34.9076	0.169271	76	127
note	34.7331	0.34375	55	127
note	35.0833	0.169271	74	127
note	35.2578	0.169271	72	127
note	35.0833	0.34375	59	127
note	35.4323	0.169271	71	127
note	35.4323	0.34375	62	127
note	35.6081	0.169271	69	127
note	35.7826	0.169271	67	127
note	35.7826	0.34375	65	127
note	35.9583	0.169271	72	127
note	36.1328	0.169271	71	127
note	36.3073	0.169271	69	127
note	36.1328	0.34375	62	127
note	36.4831	0.169271	67	127
note	36.6576	0.169271	65	127
note	36.4831	0.34375	59	127
note	36.8333	0.169271	64	127
note	37.0078	0.169271	69	127
note	36.8333	0.34375	55	127
note	37.1823	0.169271	67	127
note	37.1823	0.34375	59	127
note	37.3581	0.169271	65	127
note	37.5326	0.169271	64	127
note	37.5326	0.34375	55	127
note	37.7083	0.169271	62	127
note	37.8828	0.169271	64	127
note	38.0573	0.169271	65	127
note	38.2331	0.34375	67	127
note	38.5833	0.34375	72	127
note	38.9323	0.34375	67	127
note	39.1081	0.169271	57	127
note	39.2826	0.169271	55	127
note	39.2826	0.34375	64	127
note	39.4583	0.169271	53	127
note	37.8828	1.75	60	127
note	39.6328	0.169271	52	127
note	39.8073	0.169271	50	127
note	39.6328	0.692708	60	127
note	40.1576	0.169271	50	127
note	39.9831	0.34375	64	127
note	40.3333	0.169271	52	127
note	40.5078	0.169271	53	127
note	40.3333	0.34375	67	127
note	40.6823	0.169271	55	127
note	40.6823	0.34375	72	127
note	40.8581	0.169271	52	127
note	41.0326	0.169271	65	127
note	41.2083	0.169271	67	127
note	41.3828	0.34375	69	127
note	41.7331	0.34375	72	127
note	39.9831	2.26042	48	127
note	41.0326	1.21875	57	127
note	42.0833	0.34375	69	127
note	42.4323	0.169271	50	127
note	42.4323	0.34375	65	127
note	42.6081	0.169271	52	127
note	42.7826	0.169271	53	127
note	42.7826	0.34375	60	127
note	42.9583	0.169271	55	127
note	43.1328	0.169271	57	127
note	43.3073	0.169271	55	127
note	43.1328	0.34375	65	127
note	43.4831	0.169271	53	127
note	43.6576	0.169271	52	127
note	43.4831	0.34375	69	127
note	42.2578	1.73438	48	127
note	43.8333	0.169271	50	127
note	43.8333	0.34375	72	127
note	44.1823	0.169271	71	127
note	44.3581	0.169271	72	127
note	44.5326	0.34375	74	127
note	44.8828	0.34375	77	127
note	44.1823	1.04427	50	127
note	44.0078	1.22135	48	127
note	45.4076	0.169271	52	127
note	45.2331	0.34375	74	127
note	45.2331	0.510417	47	127
note	45.5833	0.169271	50	127
note	45.7578	0.169271	48	127
note	45.5833	0.34375	71	127
note	45.9323	0.169271	47	127
note	45.9323	0.34375	67	127
note	46.1081	0.169271	45	127
note	46.2826	0.169271	43	127
note	46.4583	0.169271	45	127
note	46.6328	0.169271	43	127
note	46.8073	0.169271	41	127
note	46.9831	0.169271	40	127
note	46.6328	0.692708	74	127
note	47.1576	0.169271	38	127
note	46.9831	0.34375	77	127
note	46.2826	1.04818	71	127
note	47.5078	0.169271	74	127
note	47.6823	0.169271	72	127
note	47.8581	0.169271	71	127
note	47.3333	1.04427	36	127
note	48.3828	0.169271	64	127
note	48.5573	0.169271	62	127
note	48.7331	0.169271	60	127
note	48.9076	0.169271	59	127
note	49.0833	0.169271	60	127
note	49.2578	0.169271	55	127
note	49.4323	0.169271	52	127
note	49.6081	0.169271	55	127
note	49.7826	0.169271	53	127
note	49.9583	0.169271	52	127
note	50.1328	0.169271	50	127
note	48.0326	2.41536	72	127
note	48.2083	2.2487	67	127
note	47.3333	3.1237	76	127
note	50.3073	0.169271	48	127
note	50.6576	0.169271	69	127
note	50.4831	0.34375	54	127
note	50.8333	0.169271	70	127
note	51.0078	0.169271	72	127
note	50.8333	0.34375	54	127
note	51.1823	0.169271	70	127
note	51.1823	0.34375	54	127
note	51.3581	0.169271	69	127
note	50.4831	1.04818	75	127
note	51.5326	0.34375	54	127
note	51.7083	0.169271	69	127
note	51.8828	0.169271	70	127
note	52.0573	0.169271	72	127
note	51.8828	0.34375	54	127
note	52.2331	0.169271	70	127
note	52.4076	0.169271	69	127
note	52.2331	0.34375	54	127
note	51.5326	1.04818	74	127
note	52.7578	0.169271	69	127
note	52.5833	0.34375	54	127
note	52.9323	0.169271	70	127
note	52.9323	0.34375	54	127
note	52.5833	0.692708	81	127
note	53.1081	0.169271	72	127
note	53.2826	0.169271	70	127
note	53.2826	0.34375	54	127
note	53.4583	0.169271	69	127
note	53.8073	0.169271	69	127
note	53.9831	0.169271	67	127
note	54.1576	0.169271	66	127
note	53.6328	1.04427	55	127
note	54.6823	0.169271	58	127
note	54.8581	0.169271	57	127
note	55.0326	0.169271	55	127
note	55.2083	0.169271	54	127
note	55.3828	0.169271	55	127
note	55.5573	0.169271	50	127
note	55.7331	0.169271	46	127
note	55.9076	0.169271	50	127
note	56.0833	0.169271	48	127
note	56.2578	0.169271	46	127
note	56.4323	0.169271	45	127
note	54.3333	2.4388	67	127
note	53.6328	3.14193	70	127
note	56.6081	0.169271	43	127
note	54.5078	2.26953	62	127
note	56.7826	0.34375	49	127
note	56.9583	0.169271	64	127
note	57.1328	0.169271	65	127
note	57.3073	0.169271	67	127
note	57.1328	0.34375	49	127
note	57.4831	0.169271	65	127
note	57.6576	0.169271	64	127
note	57.4831	0.34375	49	127
note	56.7826	1.04818	70	127
note	58.0078	0.169271	64	127
note	57.8333	0.34375	49	127
note	58.1823	0.169271	65	127
note	58.1823	0.34375	49	127
note	58.3581	0.169271	67	127
note	58.5326	0.169271	65	127
note	58.5326	0.34375	49	127
note	58.7083	0.169271	64	127
note	57.8333	1.04818	69	127
note	59.0573	0.169271	64	127
note	58.8828	0.34375	49	127
note	58.8828	0.346354	76	127
note	59.2331	0.169271	65	127
note	59.4076	0.169271	67	127
note	59.2331	0.34375	49	127
note	59.5833	0.169271	65	127
note	59.7578	0.169271	64	127
note	59.5833	0.34375	49	127
note	59.9323	0.169271	50	127
note	59.9323	0.169271	65	127
note	60.1081	0.169271	52	127
note	60.1081	0.169271	64	127
note	60.2826	0.34375	53	127
note	60.6328	0.34375	57	127
note	60.2826	0.86849	65	127
note	61.1576	0.169271	64	127
note	60.9831	0.34375	53	127
note	61.3333	0.169271	65	127
note	61.5078	0.169271	69	127
note	61.3333	0.34375	50	127
note	61.6823	0.169271	74	127
note	61.6823	0.34375	45	127
note	61.8581	0.169271	69	127
note	62.0326	0.169271	77	127
note	62.0326	0.34375	50	127
note	62.2083	0.169271	76	127
note	62.3828	0.169271	74	127
note	62.5573	0.169271	72	127
note	62.3828	0.34375	53	127
note	62.7331	0.169271	71	127
note	62.9076	0.169271	69	127
note	62.7331	0.34375	57	127
note	63.0833	0.114583	80	127
note	63.0833	0.169271	50	127
note	63.2109	0.114583	78	127
note	63.2578	0.169271	52	127
note	63.4323	0.34375	53	127
note	63.7826	0.34375	56	127
note	63.3385	0.959635	80	127
note	64.3073	0.169271	81	127
note	64.1328	0.34375	53	127
note	64.4831	0.169271	83	127
note	64.6576	0.169271	81	127
note	64.4831	0.34375	50	127
note	64.8333	0.169271	80	127
note	65.0078	0.169271	78	127
note	64.8333	0.34375	47	127
note	65.1823	0.169271	76	127
note	65.1823	0.34375	50	127
note	65.3581	0.169271	77	127
note	65.5326	0.169271	76	127
note	65.5326	0.34375	53	127
note	65.7083	0.169271	74	127
note	65.8828	0.169271	72	127
note	66.0573	0.169271	71	127
note	65.8828	0.34375	56	127
note	66.2331	0.169271	69	127
note	66.4076	0.169271	71	127
note	66.5833	0.34375	72	127
note	66.9323	0.34375	76	127
note	66.2331	1.04427	48	127
note	67.2826	0.169271	57	127
note	67.2826	0.34375	72	127
note	67.4583	0.169271	56	127
note	67.6328	0.169271	57	127
note	67.8073	0.169271	56	127
note	67.6328	0.34375	69	127
note	67.9831	0.169271	57	127
note	68.1576	0.169271	56	127
note	67.9831	0.34375	64	127
note	68.3333	0.169271	76	127
note	68.5078	0.169271	74	127
note	68.3333	0.34375	57	127
note	68.6823	0.169271	72	127
note	68.6823	0.34375	52	127
note	68.8581	0.169271	71	127
note	69.0326	0.169271	69	127
note	69.0326	0.34375	48	127
note	69.2083	0.169271	68	127
note	69.3828	0.169271	69	127
note	69.5573	0.169271	71	127
note	69.7331	0.34375	72	127
note	70.0833	0.34375	81	127
note	69.3828	1.04427	41	127
note	70.4323	0.169271	57	127
note	70.4323	0.34375	76	127
note	70.6081	0.169271	56	127
note	70.7826	0.169271	57	127
note	70.7826	0.34375	72	127
note	70.9583	0.169271	56	127
note	71.1328	0.169271	57	127
note	71.3073	0.169271	56	127
note	71.1328	0.34375	69	127
note	71.4831	0.169271	81	127
note	71.6576	0.169271	79	127
note	71.4831	0.34375	57	127
note	71.8333	0.169271	77	127
note	72.0078	0.169271	76	127
note	71.8333	0.34375	59	127
note	72.1823	0.169271	74	127
note	72.3581	0.154948	72	127
note	72.1823	0.34375	60	127
note	72.5326	0.169271	77	127
note	72.5326	0.34375	50	127
note	72.7083	0.169271	76	127
note	72.8828	0.169271	74	127
note	73.0573	0.169271	72	127
note	72.8828	0.34375	52	127
note	73.2331	0.169271	71	127
note	73.4076	0.154948	69	127
note	73.2331	0.34375	53	127
note	73.5833	0.169271	74	127
note	73.7578	0.169271	72	127
note	73.5833	0.34375	47	127
note	73.9323	0.169271	71	127
note	73.9323	0.34375	48	127
note	74.1081	0.169271	69	127
note	74.2826	0.169271	68	127
note	74.4583	0.154948	66	127
note	74.2826	0.34375	50	127
note	74.6328	0.169271	71	127
note	74.8073	0.169271	69	127
note	74.6328	0.34375	44	127
note	74.9831	0.169271	68	127
note	75.1576	0.169271	66	127
note	74.9831	0.34375	45	127
note	75.3333	0.169271	64	127
note	75.5078	0.154948	62	127
note	75.3333	0.34375	47	127
note	75.6823	0.169271	64	127
note	75.8581	0.169271	69	127
note	76.0326	0.169271	67	127
note	76.2083	0.169271	65	127
note	76.3828	0.169271	64	127
note	76.5573	0.169271	62	127
note	76.7331	0.328125	60	127
note	76.9076	0.169271	65	127
note	75.6823	1.39453	36	127
note	77.0833	0.169271	64	127
note	77.2578	0.169271	62	127
note	77.0833	0.34375	48	127
note	77.4323	0.169271	60	127
note	77.4323	0.34375	50	127
note	77.6081	0.169271	59	127
note	77.7826	0.328125	57	127
note	77.7826	0.34375	52	127
note	77.9583	0.169271	62	127
note	78.1328	0.169271	60	127
note	78.3073	0.169271	59	127
note	78.1328	0.34375	50	127
note	78.4831	0.169271	57	127
note	78.6576	0.169271	56	127
note	78.4831	0.34375	52	127
note	78.8333	0.170573	57	127
note	79.0091	0.170573	59	127
note	79.1862	0.170573	61	127
note	79.3633	0.170573	62	127
note	79.5404	0.170573	64	127
note	79.7174	0.170573	65	127
note	80.0703	0.170573	47	127
note	79.8932	0.347656	67	127
note	80.2474	0.170573	49	127
note	80.4245	0.170573	50	127
note	80.2474	0.347656	64	127
note	80.6016	0.170573	52	127
note	80.7773	0.170573	53	127
note	80.6016	0.347656	61	127
note	80.9544	0.347656	55	127
note	80.9544	0.348958	70	127
note	81.1315	0.257812	61	127
note	81.3086	0.348958	53	127
note	81.3086	0.351562	69	127
note	81.487	0.257812	61	127
note	78.8333	3.17188	45	127
note	81.8424	0.170573	61	127
note	81.6641	0.348958	52	127
note	81.6641	0.351562	67	127
note	82.1992	0.174479	69	127
note	82.3802	0.174479	71	127
note	82.5612	0.174479	73	127
note	82.7409	0.174479	74	127
note	82.9219	0.174479	76	127
note	82.0195	1.08073	65	127
note	82.0195	1.26432	50	127
note	82.0195	1.44271	45	127
note	83.4792	0.182292	59	127
note	83.6667	0.182292	61	127
note	83.4792	0.369792	74	127
note	83.8555	0.182292	62	127
note	84.043	0.182292	64	127
note	83.1016	1.1263	77	127
note	84.2305	0.201823	81	127
note	84.4401	0.201823	80	127
note	84.2305	0.411458	65	127
note	84.6497	0.201823	81	127
note	84.8594	0.201823	80	127
note	84.6497	0.411458	64	127
note	85.069	0.201823	81	127
note	85.2786	0.201823	80	127
note	85.069	0.411458	62	127
note	83.8555	1.62891	71	127
note	83.2904	5.96224	57	127
note	85.5078	3.7526	81	127
note	85.5078	3.7526	73	127
note	85.5078	3.7526	76	127
note	85.5078	3.7526	64	127
note	89.7643	0.242188	57	127
note	90.0117	0.242188	56	127
note	90.2591	0.488281	57	127
note	90.7539	0.488281	59	127
note	91.2474	0.488281	60	127
note	91.7422	0.242188	60	127
note	91.9896	0.242188	59	127
note	92.237	0.488281	60	127
note	92.7318	0.488281	62	127
note	93.2253	0.242188	64	127
note	93.474	0.242188	62	127
note	93.7214	0.242188	60	127
note	93.9688	0.242188	62	127
note	94.2174	0.488281	64	127
note	94.7109	0.488281	65	127
note	95.2057	0.449219	56	127
note	95.6992	0.720052	52	127
note	96.6875	0.488281	57	127
note	97.181	0.242188	59	127
note	97.4297	0.242188	60	127
note	97.6771	0.242188	57	127
note	97.9245	0.242188	59	127
note	98.1732	0.242188	60	127
note	98.4206	0.242188	62	127
note	98.6693	0.242188	59	127
note	98.9167	0.242188	60	127
note	99.1641	0.488281	62	127
note	99.6589	0.488281	60	127
note	100.152	0.488281	59	127
note	100.647	0.488281	64	127
note	101.634	0.242188	64	127
note	101.883	0.242188	63	127
note	101.141	0.984375	57	127
note	102.13	0.488281	64	127
note	102.13	0.488281	55	127
note	102.625	0.488281	66	127
note	102.625	0.488281	54	127
note	103.118	0.488281	67	127
note	103.118	0.488281	52	127
note	103.612	0.242188	67	127
note	103.612	0.489583	60	127
note	103.861	0.242188	66	127
note	104.108	0.488281	67	127
note	104.108	0.488281	59	127
note	104.603	0.488281	69	127
note	104.603	0.488281	57	127
note	105.096	0.242188	71	127
note	105.096	0.242188	55	127
note	105.344	0.242188	69	127
note	105.344	0.242188	54	127
note	105.592	0.242188	67	127
note	105.592	0.242188	52	127
note	105.84	0.242188	69	127
note	105.84	0.242188	54	127
note	106.089	0.488281	71	127
note	106.089	0.488281	55	127
note	106.582	0.488281	72	127
note	106.582	0.488281	57	127
note	107.076	0.242188	59	127
note	107.076	0.449219	63	127
note	107.324	0.239583	57	127
note	107.57	0.242188	55	127
note	107.818	0.242188	57	127
note	107.57	0.489583	59	127
note	108.066	0.488281	59	127
note	108.56	0.488281	64	127
note	109.053	0.242188	66	127
note	109.302	0.242188	67	127
note	108.56	0.984375	60	127
note	109.549	0.242188	64	127
note	109.549	0.242188	59	127
note	109.798	0.242188	66	127
note	109.798	0.242188	57	127
note	110.046	0.242188	67	127
note	110.293	0.242188	69	127
note	110.046	0.489583	59	127
note	110.542	0.242188	66	127
note	110.789	0.242188	67	127
note	111.038	0.488281	69	127
note	110.542	0.984375	64	127
note	111.531	0.242188	62	127
note	111.779	0.242188	61	127
note	111.531	0.489583	67	127
note	112.027	0.488281	66	127
note	112.521	0.488281	71	127
note	113.016	0.488281	64	127
note	112.027	1.47656	62	127
note	113.509	0.242188	66	127
note	113.509	0.242188	60	127
note	113.757	0.242188	68	127
note	113.757	0.242188	59	127
note	114.005	0.242188	69	127
note	114.253	0.242188	71	127
note	114.501	0.242188	72	127
note	114.749	0.242188	74	127
note	114.005	1.13542	60	127
note	115.242	0.242188	69	127
note	114.996	0.488281	76	127
note	115.491	0.242188	67	127
note	115.738	0.242188	65	127
note	115.491	0.489583	69	127
note	115.987	0.0833333	69	127
note	116.069	0.0833333	68	127
note	115.987	0.239583	64	127
note	116.151	0.0833333	69	127
note	116.233	0.239583	62	127
note	116.479	0.242188	60	127
note	116.233	0.720052	68	127
note	116.727	0.239583	59	127
note	116.973	0.242188	60	127
note	117.22	0.242188	59	127
note	116.973	0.489583	69	127
note	117.469	0.242188	45	127
note	117.716	0.242188	44	127
note	117.469	0.489583	69	127
note	117.965	0.488281	67	127
note	117.965	0.488281	45	127
note	117.469	0.984375	60	127
note	118.458	0.488281	65	127
note	118.458	0.488281	62	127
note	118.458	0.488281	47	127
note	119.198	0.242188	62	127
note	118.952	0.488281	64	127
note	118.952	0.488281	48	127
note	119.447	0.242188	48	127
note	119.694	0.242188	47	127
note	119.447	0.489583	72	127
note	119.943	0.488281	71	127
note	119.943	0.488281	48	127
note	119.447	0.984375	64	127
note	120.436	0.488281	69	127
note	120.436	0.488281	65	127
note	120.436	0.488281	50	127
note	120.93	0.242188	52	127
note	120.93	0.489583	68	127
note	121.178	0.242188	66	127
note	121.178	0.242188	50	127
note	121.426	0.242188	64	127
note	121.426	0.242188	48	127
note	121.426	0.489583	76	127
note	121.674	0.242188	66	127
note	121.674	0.242188	50	127
note	121.922	0.488281	74	127
note	121.922	0.488281	68	127
note	121.922	0.488281	52	127
note	122.415	0.488281	72	127
note	122.415	0.488281	69	127
note	122.415	0.488281	53	127
note	122.91	0.460938	44	127
note	123.156	0.239583	72	127
note	122.91	0.717448	71	127
note	123.402	0.239583	74	127
note	123.648	0.242188	71	127
note	123.402	0.720052	40	127
note	124.142	0.242188	71	127
note	123.896	0.720052	72	127
note	124.637	0.242188	72	127
note	124.391	0.488281	69	127
note	124.391	0.488281	45	127
note	124.884	0.242188	74	127
note	124.884	0.242188	47	127
note	125.132	0.242188	76	127
note	125.132	0.242188	48	127
note	125.38	0.242188	77	127
note	125.38	0.242188	45	127
note	125.628	0.242188	74	127
note	125.628	0.242188	47	127
note	124.884	1.23307	67	127
note	125.876	0.242188	49	127
note	126.124	0.242188	65	127
note	126.124	0.242188	50	127
note	126.371	0.242188	64	127
note	126.371	0.242188	47	127
note	126.62	0.242188	67	127
note	126.62	0.242188	49	127
note	126.867	0.488281	50	127
note	125.876	1.47917	76	127
note	126.867	0.981771	66	127
note	127.362	0.488281	69	127
note	127.362	0.488281	48	127
note	127.855	0.242188	71	127
note	128.103	0.242188	72	127
note	127.855	0.489583	47	127
note	127.855	0.977865	68	127
note	128.352	0.488281	74	127
note	128.352	0.976562	52	127
note	128.845	0.488281	69	127
note	128.845	0.488281	45	127
note	129.34	0.242188	52	127
note	129.587	0.242188	51	127
note	129.34	0.489583	69	127
note	129.34	0.489583	72	127
note	129.34	0.489583	47	127
note	129.835	0.488281	67	127
note	129.835	0.488281	71	127
note	129.835	0.488281	52	127
note	129.835	0.488281	49	127
note	130.329	0.488281	69	127
note	130.329	0.488281	66	127
note	130.329	0.488281	54	127
note	130.329	0.488281	51	127
note	130.823	0.488281	64	127
note	130.823	0.488281	67	127
note	130.823	0.488281	55	127
note	130.823	0.488281	52	127
note	131.318	0.242188	55	127
note	131.318	0.242188	52	127
note	131.565	0.242188	54	127
note	131.565	0.242188	50	127
note	131.318	0.489583	72	127
note	131.318	0.489583	76	127
note	131.812	0.488281	71	127
note	131.812	0.488281	74	127
note	131.812	0.488281	55	127
note	131.812	0.488281	52	127
note	132.307	0.488281	69	127
note	132.307	0.488281	72	127
note	132.307	0.488281	57	127
note	132.307	0.488281	54	127
note	132.801	0.242188	67	127
note	132.801	0.242188	59	127
note	132.801	0.489583	55	127
note	133.049	0.242188	66	127
note	133.049	0.242188	57	127
note	133.297	0.242188	64	127
note	132.801	0.980469	71	127
note	133.544	0.242188	66	127
note	133.544	0.242188	57	127
note	133.297	0.489583	55	127
note	133.793	0.488281	67	127
note	133.793	0.488281	59	127
note	134.286	0.488281	60	127
note	134.286	0.488281	57	127
note	134.286	0.981771	69	127
note	134.286	0.981771	66	127
note	134.781	0.488281	51	127
note	135.275	0.242188	67	127
note	135.275	0.242188	64	127
note	134.781	0.735677	59	127
note	135.522	0.242188	66	127
note	135.522	0.242188	63	127
note	135.522	0.242188	45	127
note	135.275	0.489583	47	127
note	135.771	0.242188	67	127
note	136.018	0.242188	69	127
note	135.771	0.489583	43	127
note	136.267	0.242188	71	127
note	136.514	0.242188	67	127
note	136.267	0.489583	52	127
note	136.267	0.489583	40	127
note	136.762	0.242188	54	127
note	137.01	0.242188	55	127
note	135.771	1.48177	64	127
note	137.258	0.242188	69	127
note	137.258	0.242188	52	127
note	136.762	0.985677	45	127
note	137.507	0.242188	63	127
note	137.507	0.242188	54	127
note	137.754	0.242188	55	127
note	138.001	0.242188	57	127
note	136.762	1.48177	72	127
note	138.25	0.242188	54	127
note	138.497	0.242188	55	127
note	138.25	0.489583	71	127
note	137.754	0.985677	47	127
note	138.746	0.242188	69	127
note	138.993	0.242188	67	127
note	138.746	0.489583	57	127
note	138.746	0.489583	48	127
note	139.241	0.242188	69	127
note	139.241	0.489583	55	127
note	139.241	0.489583	47	127
note	139.49	0.242188	71	127
note	139.737	0.488281	72	127
note	139.737	0.488281	54	127
note	139.737	0.488281	45	127
note	137.754	2.47135	64	127
note	140.232	0.242188	47	127
note	140.479	0.242188	45	127
note	140.232	0.489583	66	127
note	140.232	0.489583	63	127
note	140.232	0.489583	59	127
note	140.727	0.242188	71	127
note	140.727	0.489583	43	127
note	140.975	0.242188	69	127
note	141.223	0.242188	72	127
note	141.223	0.489583	45	127
note	140.727	0.985677	52	127
note	141.471	0.242188	71	127
note	141.719	0.242188	69	127
note	141.966	0.242188	67	127
note	141.719	0.489583	59	127
note	140.727	1.48177	64	127
note	142.215	0.242188	66	127
note	142.462	0.242188	67	127
note	142.215	0.489583	63	127
note	142.215	0.489583	57	127
note	141.719	0.985677	47	127
note	142.711	0.488281	64	127
note	142.711	0.488281	56	127
note	142.711	0.488281	52	127
note	143.204	0.242188	76	127
note	143.452	0.242188	77	127
note	143.204	0.489583	52	127
note	143.204	0.489583	50	127
note	143.701	0.488281	76	127
note	143.701	0.488281	54	127
note	143.701	0.488281	48	127
note	144.194	0.488281	74	127
note	144.194	0.488281	56	127
note	144.194	0.488281	47	127
note	144.689	0.488281	72	127
note	144.689	0.488281	57	127
note	144.689	0.488281	45	127
note	145.182	0.242188	72	127
note	145.43	0.242188	74	127
note	145.182	0.489583	64	127
note	145.182	0.489583	59	127
note	145.678	0.488281	66	127
note	145.678	0.488281	72	127
note	145.678	0.488281	57	127
note	146.172	0.488281	67	127
note	146.172	0.488281	71	127
note	146.172	0.488281	55	127
note	146.913	0.242188	71	127
note	146.667	0.488281	69	127
note	146.667	0.488281	54	127
note	147.16	0.242188	72	127
note	147.408	0.242188	71	127
note	147.16	0.489583	57	127
note	147.16	0.489583	55	127
note	147.656	0.488281	69	127
note	147.656	0.488281	59	127
note	147.656	0.488281	54	127
note	148.15	0.488281	67	127
note	148.15	0.488281	61	127
note	148.15	0.488281	52	127
note	148.645	0.488281	78	127
note	148.645	0.488281	62	127
note	148.645	0.488281	50	127
note	149.138	0.488281	62	127
note	149.138	0.488281	81	127
note	149.138	0.488281	52	127
note	149.632	0.488281	64	127
note	149.632	0.488281	50	127
note	150.126	0.488281	66	127
note	150.126	0.488281	76	127
note	150.126	0.488281	48	127
note	150.62	0.242188	74	127
note	150.62	0.489583	67	127
note	150.62	0.489583	47	127
note	150.868	0.242188	72	127
note	151.116	0.242188	76	127
note	151.363	0.242188	74	127
note	151.116	0.489583	59	127
note	151.612	0.242188	72	127
note	151.859	0.242188	71	127
note	151.116	0.985677	55	127
note	152.108	0.242188	74	127
note	152.355	0.242188	72	127
note	152.108	0.489583	54	127
note	151.612	0.985677	57	127
note	152.849	0.242188	52	127
note	152.603	0.488281	71	127
note	153.098	0.242188	50	127
note	153.345	0.242188	48	127
note	153.098	0.489583	72	127
note	153.594	0.242188	74	127
note	153.841	0.242188	71	127
note	153.594	0.489583	47	127
note	154.089	0.242188	69	127
note	154.089	0.489583	52	127
note	154.337	0.242188	67	127
note	154.585	0.11849	76	127
note	154.708	0.11849	78	127
note	154.585	0.489583	48	127
note	152.603	2.47135	55	127
note	154.833	0.242188	76	127
note	155.081	0.242188	74	127
note	155.081	0.242188	78	127
note	155.328	0.242188	76	127
note	155.328	0.242188	79	127
note	155.081	0.489583	45	127
note	155.577	0.0963542	79	127
note	155.665	0.0963542	78	127
note	155.755	0.0911458	79	127
note	155.577	0.484375	74	127
note	155.577	0.484375	50	127
note	155.081	0.980469	57	127
note	155.845	0.449219	78	127
note	156.312	0.242188	79	127
note	156.066	0.488281	72	127
note	156.066	0.488281	38	127
note	156.066	0.981771	50	127
note	156.561	0.488281	71	127
note	156.561	0.488281	43	127
note	157.055	0.242188	71	127
note	157.055	0.242188	67	127
note	157.303	0.242188	72	127
note	157.303	0.242188	69	127
note	157.551	0.488281	71	127
note	157.551	0.488281	67	127
note	158.044	0.488281	69	127
note	158.044	0.488281	65	127
note	158.539	0.488281	64	127
note	156.561	2.47135	79	127
note	159.033	0.242188	79	127
note	159.033	0.242188	64	127
note	158.539	0.977865	67	127
note	159.281	0.242188	81	127
note	159.281	0.242188	65	127
note	159.529	0.488281	69	127
note	159.529	0.488281	79	127
note	159.529	0.488281	64	127
note	160.022	0.488281	71	127
note	160.022	0.488281	77	127
note	160.022	0.488281	62	127
note	160.517	0.242188	76	127
note	160.517	0.242188	60	127
note	160.764	0.242188	74	127
note	160.764	0.242188	62	127
note	160.517	0.489583	72	127
note	161.013	0.242188	64	127
note	161.26	0.242188	74	127
note	161.26	0.242188	62	127
note	161.013	0.489583	72	127
note	161.508	0.242188	76	127
note	161.508	0.489583	60	127
note	161.757	0.242188	77	127
note	162.004	0.488281	74	127
note	162.004	0.488281	58	127
note	162.004	0.720052	79	127
note	162.745	0.242188	77	127
note	162.499	0.488281	73	127
note	162.499	0.488281	69	127
note	162.992	0.242188	76	127
note	162.992	0.24349	73	127
note	163.238	0.242188	77	127
note	163.238	0.242188	74	127
note	163.486	0.242188	79	127
note	163.734	0.242188	81	127
note	163.982	0.242188	82	127
note	163.982	0.489583	67	127
note	164.23	0.242188	79	127
note	164.478	0.242188	65	127
note	163.486	1.23958	76	127
note	164.725	0.242188	73	127
note	164.725	0.242188	64	127
note	164.478	0.721354	81	127
note	164.974	0.239583	67	127
note	165.22	0.242188	82	127
note	165.22	0.242188	65	127
note	164.974	0.720052	74	127
note	165.467	0.239583	64	127
note	165.714	0.242188	71	127
note	165.714	0.242188	62	127
note	165.467	0.720052	79	127
note	165.962	0.239583	65	127
note	166.208	0.242188	81	127
note	166.208	0.242188	64	127
note	165.962	0.488281	73	127
note	166.456	0.242188	77	127
note	166.703	0.242188	76	127
note	166.456	0.489583	62	127
note	166.952	0.242188	77	127
note	166.456	0.980469	74	127
note	167.199	0.242188	79	127
note	166.952	0.489583	64	127
note	167.448	0.242188	65	127
note	167.695	0.242188	64	127
note	167.448	0.489583	81	127
note	167.943	0.242188	62	127
note	167.943	0.489583	65	127
note	167.943	0.489583	69	127
note	168.191	0.242188	60	127
note	168.439	0.242188	67	127
note	168.439	0.242188	74	127
note	168.439	0.489583	58	127
note	168.688	0.242188	79	127
note	168.688	0.242188	73	127
note	168.935	0.242188	77	127
note	168.935	0.242188	74	127
note	168.935	0.242188	57	127
note	169.182	0.238281	55	127
note	169.182	0.239583	76	127
note	169.182	0.239583	58	127
note	169.428	0.0833333	77	127
note	169.51	0.0833333	76	127
note	169.592	0.0833333	77	127
note	169.428	0.485677	73	127
note	169.674	0.488281	76	127
note	169.921	0.489583	55	127
note	170.169	0.242188	74	127
note	170.417	0.488281	74	127
note	170.417	0.488281	53	127
note	169.428	1.47656	57	127
note	170.911	0.242188	69	127
note	170.911	0.242188	53	127
note	171.159	0.242188	70	127
note	171.159	0.242188	55	127
note	170.911	0.489583	57	127
note	171.406	0.488281	69	127
note	171.406	0.488281	59	127
note	171.406	0.488281	53	127
note	171.901	0.488281	67	127
note	171.901	0.488281	76	127
note	171.901	0.488281	61	127
note	171.901	0.488281	52	127
note	172.395	0.242188	50	127
note	172.395	0.489583	65	127
note	172.395	0.489583	62	127
note	172.643	0.242188	52	127
note	172.891	0.242188	53	127
note	173.138	0.242188	52	127
note	172.891	0.489583	69	127
note	173.387	0.488281	71	127
note	173.387	0.488281	50	127
note	173.88	0.488281	72	127
note	173.88	0.488281	48	127
note	174.375	0.242188	74	127
note	174.375	0.46224	59	127
note	174.622	0.239583	72	127
note	174.868	0.242188	71	127
note	175.116	0.242188	69	127
note	174.868	0.619792	62	127
note	172.395	3.22266	77	127
note	175.612	0.242188	76	127
note	175.365	0.489583	67	127
note	175.861	0.242188	74	127
note	176.108	0.242188	72	127
note	175.861	0.489583	57	127
note	176.355	0.242188	55	127
note	175.861	0.980469	65	127
note	176.355	0.489583	71	127
note	176.604	0.242188	53	127
note	176.852	0.242188	57	127
note	176.852	0.489583	64	127
note	177.1	0.242188	55	127
note	177.348	0.242188	53	127
note	176.852	0.980469	72	127
note	177.595	0.242188	52	127
note	177.844	0.242188	55	127
note	177.348	0.980469	62	127
note	178.091	0.242188	53	127
note	177.844	0.489583	71	127
note	178.586	0.242188	69	127
note	178.34	0.488281	52	127
note	178.833	0.242188	67	127
note	179.081	0.242188	65	127
note	178.833	0.489583	53	127
note	179.329	0.242188	55	127
note	179.577	0.242188	52	127
note	179.329	0.489583	64	127
note	178.34	1.48177	72	127
note	179.823	0.242188	50	127
note	179.823	0.489583	70	127
note	180.072	0.242188	48	127
note	180.319	0.242188	53	127
note	179.823	0.980469	67	127
note	180.566	0.242188	52	127
note	180.815	0.242188	65	127
note	180.815	0.242188	50	127
note	181.062	0.242188	67	127
note	181.062	0.242188	48	127
note	181.311	0.242188	50	127
note	181.559	0.242188	52	127
note	181.311	0.489583	65	127
note	181.806	0.242188	53	127
note	181.806	0.489583	64	127
note	182.055	0.242188	50	127
note	182.302	0.488281	62	127
note	180.319	2.47656	69	127
note	182.797	0.242188	62	127
note	182.797	0.242188	59	127
note	183.044	0.242188	64	127
note	183.044	0.242188	60	127
note	182.797	0.489583	68	127
note	182.302	0.984375	47	127
note	183.292	0.488281	69	127
note	183.292	0.488281	62	127
note	183.292	0.488281	59	127
note	183.292	0.488281	48	127
note	183.786	0.488281	60	127
note	183.786	0.488281	71	127
note	183.786	0.488281	57	127
note	184.28	0.242188	59	127
note	184.529	0.242188	60	127
note	183.786	0.984375	50	127
note	184.776	0.242188	62	127
note	185.023	0.242188	60	127
note	184.776	0.489583	52	127
note	184.28	1.23698	64	127
note	184.28	1.47917	56	127
note	185.518	0.242188	66	127
note	185.272	0.488281	59	127
note	185.272	0.488281	50	127
note	185.766	0.242188	68	127
note	185.766	0.489583	57	127
note	185.766	0.489583	52	127
note	185.766	0.489583	48	127
note	186.014	0.242188	69	127
note	186.262	0.242188	71	127
note	186.509	0.242188	72	127
note	186.262	0.489583	68	127
note	186.262	0.489583	50	127
note	186.262	0.489583	47	127
note	186.758	0.242188	53	127
note	186.758	0.242188	50	127
note	187.005	0.242188	72	127
note	187.005	0.242188	52	127
note	187.005	0.242188	48	127
note	186.758	0.489583	71	127
note	187.254	0.488281	50	127
note	187.254	0.488281	47	127
note	187.747	0.488281	65	127
note	187.747	0.488281	48	127
note	187.747	0.488281	45	127
note	188.241	0.242188	64	127
note	188.241	0.489583	47	127
note	188.241	0.489583	44	127
note	188.49	0.242188	62	127
note	187.254	1.47917	74	127
note	188.736	0.242188	65	127
note	188.983	0.242188	64	127
note	188.736	0.489583	48	127
note	188.736	0.489583	45	127
note	189.232	0.242188	62	127
note	188.736	0.980469	72	127
note	189.479	0.242188	60	127
note	189.232	0.489583	50	127
note	189.232	0.489583	47	127
note	189.727	0.242188	64	127
note	189.727	0.489583	47	127
note	189.727	0.489583	44	127
note	189.975	0.242188	62	127
note	189.727	0.977865	71	127
note	190.223	0.488281	60	127
note	190.223	0.488281	45	127
note	190.717	0.242188	69	127
note	190.965	0.242188	68	127
note	190.717	0.489583	62	127
note	190.717	0.489583	47	127
note	191.212	0.242188	64	127
note	191.212	0.489583	48	127
note	190.223	1.47917	52	127
note	191.461	0.242188	60	127
note	191.708	0.242188	59	127
note	191.957	0.242188	57	127
note	192.204	0.242188	65	127
note	192.452	0.242188	62	127
note	192.204	0.489583	50	127
note	191.708	0.985677	53	127
note	192.701	0.242188	64	127
note	192.948	0.242188	65	127
note	192.701	0.489583	50	127
note	192.701	0.489583	47	127
note	191.212	1.97917	69	127
note	193.194	0.115885	60	127
note	193.297	0.115885	59	127
note	193.194	0.30599	69	127
note	193.398	0.115885	60	127
note	193.194	0.484375	52	127
note	193.5	0.421875	59	127
note	193.5	0.666667	68	127
note	193.931	0.242188	57	127
note	193.685	0.488281	50	127
note	193.685	0.488281	40	127
note	194.178	0.494792	57	127
note	194.178	0.494792	69	127
note	194.178	0.494792	45	127
note	194.178	0.574219	48	127
note	194.68	0.246094	69	127
note	194.931	0.246094	68	127
note	194.68	0.497396	57	127
note	195.184	0.494792	69	127
note	195.184	0.494792	48	127
note	195.685	0.494792	71	127
note	195.685	0.494792	52	127
note	196.186	0.494792	72	127
note	196.186	0.494792	45	127
note	196.688	0.246094	72	127
note	196.688	0.246094	57	127
note	196.939	0.246094	71	127
note	196.939	0.246094	56	127
note	196.688	0.497396	53	127
note	197.19	0.494792	72	127
note	197.19	0.494792	57	127
note	197.19	0.494792	52	127
note	197.691	0.494792	74	127
note	197.691	0.494792	59	127
note	197.691	0.494792	50	127
note	198.193	0.246094	76	127
note	198.444	0.246094	74	127
note	198.193	0.497396	60	127
note	198.193	0.497396	48	127
note	198.695	0.246094	72	127
note	198.695	0.246094	60	127
note	198.695	0.497396	57	127
note	198.948	0.246094	74	127
note	198.948	0.246094	59	127
note	199.199	0.494792	76	127
note	199.199	0.494792	60	127
note	199.199	0.494792	55	127
note	199.701	0.494792	77	127
note	199.701	0.494792	62	127
note	199.701	0.494792	53	127
note	200.202	0.246094	64	127
note	200.453	0.246094	62	127
note	200.202	0.497396	68	127
note	200.202	0.497396	52	127
note	200.704	0.246094	60	127
note	200.704	0.246094	57	127
note	200.956	0.246094	62	127
note	200.956	0.246094	55	127
note	200.704	0.497396	64	127
note	201.208	0.246094	53	127
note	201.46	0.246094	52	127
note	201.208	0.497396	64	127
note	201.711	0.246094	50	127
note	201.962	0.246094	48	127
note	201.711	0.497396	69	127
note	201.711	0.497396	65	127
note	202.214	0.246094	71	127
note	202.214	0.497396	56	127
note	202.214	0.497396	47	127
note	202.466	0.246094	72	127
note	202.717	0.246094	69	127
note	202.717	0.246094	60	127
note	202.969	0.246094	71	127
note	202.969	0.246094	59	127
note	202.717	0.731771	52	127
note	203.22	0.246094	72	127
note	203.22	0.246094	57	127
note	203.471	0.246094	74	127
note	203.471	0.246094	55	127
note	203.724	0.246094	71	127
note	203.724	0.246094	53	127
note	203.975	0.246094	72	127
note	203.975	0.246094	52	127
note	203.724	0.497396	57	127
note	204.227	0.246094	59	127
note	204.478	0.246094	60	127
note	204.227	0.497396	74	127
note	204.729	0.246094	57	127
note	204.227	0.890625	50	127
note	204.729	0.497396	72	127
note	204.982	0.246094	59	127
note	205.233	0.246094	60	127
note	205.484	0.246094	62	127
note	205.233	0.497396	71	127
note	205.736	0.246094	59	127
note	205.233	0.890625	52	127
note	205.987	0.246094	60	127
note	205.736	0.497396	76	127
note	206.24	0.494792	69	127
note	206.24	0.494792	62	127
note	206.24	0.494792	53	127
note	206.741	0.494792	60	127
note	206.741	0.494792	52	127
note	207.242	0.494792	59	127
note	207.242	0.494792	50	127
note	206.741	0.996094	81	127
note	207.743	0.494792	64	127
note	207.743	0.494792	52	127
note	208.245	0.494792	48	127
note	207.743	0.996094	79	127
note	208.746	0.246094	84	127
note	208.997	0.246094	83	127
note	208.746	0.497396	47	127
note	209.249	0.246094	81	127
note	209.5	0.246094	79	127
note	209.249	0.497396	48	127
note	209.751	0.246094	78	127
note	209.751	0.497396	45	127
note	210.004	0.246094	76	127
note	210.255	0.503906	75	127
note	208.245	2.51562	57	127
note	210.766	0.248698	64	127
note	210.766	0.248698	55	127
note	211.021	0.248698	63	127
note	211.021	0.248698	54	127
note	210.766	0.503906	71	127
note	211.276	0.503906	73	127
note	211.276	0.503906	64	127
note	211.276	0.503906	55	127
note	210.255	1.52474	47	127
note	211.786	0.503906	75	127
note	211.786	0.503906	66	127
note	211.786	0.503906	57	127
note	211.786	0.503906	45	127
note	212.297	0.248698	76	127
note	212.552	0.248698	74	127
note	212.297	0.503906	71	127
note	212.297	0.503906	67	127
note	212.297	0.503906	43	127
note	212.807	0.248698	72	127
note	212.807	0.248698	67	127
note	212.807	0.248698	52	127
note	213.062	0.248698	71	127
note	213.062	0.248698	66	127
note	213.062	0.248698	51	127
note	213.318	0.503906	67	127
note	213.318	0.503906	52	127
note	212.807	1.01432	64	127
note	213.828	0.503906	69	127
note	213.828	0.503906	63	127
note	213.828	0.503906	54	127
note	213.318	1.01432	72	127
note	214.594	0.248698	69	127
note	214.339	0.503906	71	127
note	214.339	0.503906	64	127
note	214.339	0.503906	55	127
note	214.849	0.248698	76	127
note	214.849	0.248698	67	127
note	214.849	0.248698	55	127
note	215.104	0.248698	75	127
note	215.104	0.248698	69	127
note	215.104	0.248698	54	127
note	215.359	0.503906	76	127
note	215.359	0.503906	71	127
note	215.359	0.503906	55	127
note	215.87	0.503906	78	127
note	215.87	0.503906	72	127
note	215.87	0.503906	57	127
note	216.38	0.248698	59	127
note	216.635	0.248698	57	127
note	216.38	0.503906	79	127
note	216.38	0.503906	63	127
note	216.891	0.248698	79	127
note	216.891	0.248698	55	127
note	217.146	0.248698	78	127
note	217.146	0.248698	57	127
note	216.891	0.503906	59	127
note	217.401	0.503906	79	127
note	217.401	0.503906	59	127
note	217.911	0.503906	81	127
note	217.911	0.503906	64	127
note	217.911	0.503906	60	127
note	218.422	0.248698	66	127
note	218.677	0.248698	67	127
note	218.422	0.503906	51	127
note	218.932	0.248698	64	127
note	219.188	0.248698	66	127
note	218.932	0.74349	47	127
note	219.443	0.248698	67	127
note	219.698	0.248698	69	127
note	219.953	0.248698	66	127
note	220.208	0.248698	67	127
note	219.953	0.503906	52	127
note	220.464	0.248698	54	127
note	220.719	0.248698	55	127
note	220.464	0.503906	69	127
note	220.974	0.248698	52	127
note	221.229	0.248698	54	127
note	220.974	0.503906	67	127
note	221.484	0.248698	55	127
note	221.74	0.248698	57	127
note	221.484	0.503906	66	127
note	218.422	3.56641	71	127
note	221.995	0.248698	76	127
note	221.995	0.248698	54	127
note	222.25	0.248698	74	127
note	222.25	0.248698	55	127
note	221.995	0.503906	71	127
note	222.505	0.248698	72	127
note	222.76	0.248698	71	127
note	222.505	0.503906	57	127
note	223.016	0.248698	69	127
note	223.271	0.248698	71	127
note	223.016	0.503906	55	127
note	223.526	0.503906	72	127
note	223.526	0.503906	54	127
note	222.505	1.52474	64	127
note	224.036	0.248698	71	127
note	224.292	0.248698	69	127
note	224.036	0.503906	63	127
note	224.036	0.503906	59	127
note	224.547	0.503906	64	127
note	224.547	0.503906	52	127
note	225.057	0.248698	72	127
note	225.057	0.248698	52	127
note	225.312	0.248698	71	127
note	225.312	0.248698	51	127
note	224.547	1.01432	67	127
note	225.568	0.248698	69	127
note	225.823	0.248698	67	127
note	225.568	0.503906	52	127
note	226.078	0.248698	66	127
note	226.333	0.248698	64	127
note	226.078	0.503906	54	127
note	226.589	0.503906	62	127
note	225.568	1.52474	72	127
note	227.099	0.248698	71	127
note	227.099	0.248698	67	127
note	227.354	0.248698	69	127
note	227.354	0.248698	65	127
note	227.609	0.248698	64	127
note	227.865	0.248698	62	127
note	227.609	0.503906	71	127
note	228.12	0.248698	61	127
note	228.375	0.248698	59	127
note	228.12	0.503906	73	127
note	228.63	0.503906	74	127
note	228.63	0.503906	57	127
note	226.589	2.54557	55	127
note	229.141	0.248698	54	127
note	229.396	0.248698	72	127
note	229.396	0.248698	52	127
note	229.651	0.248698	71	127
note	229.906	0.248698	69	127
note	229.651	0.503906	54	127
note	230.161	0.248698	68	127
note	230.417	0.248698	66	127
note	230.161	0.503906	56	127
note	229.141	2.01953	74	127
note	230.672	0.503906	57	127
note	231.182	0.248698	72	127
note	231.182	0.248698	57	127
note	231.438	0.248698	71	127
note	231.438	0.248698	56	127
note	230.672	1.01432	64	127
note	231.693	0.503906	72	127
note	231.693	0.503906	57	127
note	232.203	0.503906	74	127
note	232.203	0.503906	59	127
note	232.714	0.503906	76	127
note	232.714	0.503906	60	127
note	231.693	1.52734	69	127
note	233.221	0.248698	60	127
note	233.477	0.248698	68	127
note	233.477	0.248698	59	127
note	233.221	0.503906	69	127
note	233.221	0.503906	57	127
note	233.732	0.503906	69	127
note	233.732	0.503906	60	127
note	233.732	0.503906	55	127
note	234.242	0.503906	71	127
note	234.242	0.503906	62	127
note	234.242	0.503906	53	127
note	234.753	0.248698	64	127
note	233.732	1.26953	81	127
note	235.008	0.248698	80	127
note	235.008	0.248698	62	127
note	234.753	0.503906	72	127
note	235.263	0.248698	81	127
note	235.263	0.248698	72	127
note	235.263	0.248698	60	127
note	235.518	0.248698	80	127
note	235.518	0.248698	71	127
note	235.518	0.248698	62	127
note	235.773	0.503906	81	127
note	235.773	0.503906	72	127
note	235.773	0.503906	64	127
note	234.753	1.52734	52	127
note	236.283	0.503906	83	127
note	236.283	0.503906	74	127
note	236.283	0.503906	65	127
note	237.048	0.248698	74	127
note	236.793	0.503906	56	127
note	237.303	0.248698	72	127
note	237.303	0.248698	45	127
note	236.793	1.00911	76	127
note	237.559	0.248698	74	127
note	237.559	0.248698	47	127
note	237.303	0.74349	52	127
note	237.814	0.503906	76	127
note	237.814	0.503906	48	127
note	238.324	0.248698	74	127
note	238.579	0.248698	72	127
note	238.324	0.503906	77	127
note	238.324	0.503906	57	127
note	238.835	0.248698	59	127
note	239.09	0.248698	60	127
note	238.835	0.503906	71	127
note	238.835	0.503906	68	127
note	238.324	1.01432	50	127
note	239.345	0.248698	76	127
note	239.345	0.248698	57	127
note	239.345	0.248698	48	127
note	239.6	0.248698	74	127
note	239.6	0.248698	59	127
note	239.6	0.248698	50	127
note	239.855	0.248698	72	127
note	239.855	0.248698	60	127
note	240.111	0.248698	71	127
note	240.111	0.248698	62	127
note	239.855	0.503906	52	127
note	239.345	1.01432	64	127
note	240.366	0.248698	59	127
note	240.621	0.248698	68	127
note	240.621	0.248698	60	127
note	240.366	0.503906	69	127
note	240.876	0.248698	71	127
note	241.132	0.248698	72	127
note	240.876	0.503906	69	127
note	240.876	0.503906	62	127
note	240.366	1.01432	53	127
note	241.387	0.248698	52	127
note	241.642	0.248698	71	127
note	241.642	0.248698	50	127
note	241.387	0.503906	69	127
note	241.387	0.503906	60	127
note	241.897	0.248698	72	127
note	242.152	0.248698	74	127
note	241.897	0.503906	59	127
note	241.897	0.503906	52	127
note	242.408	0.248698	71	127
note	242.663	0.248698	72	127
note	242.408	0.503906	64	127
note	242.408	0.503906	48	127
note	241.897	1.01432	68	127
note	242.918	0.503906	74	127
note	242.918	0.503906	53	127
note	243.428	0.248698	52	127
note	242.918	1.00911	69	127
note	243.684	0.248698	50	127
note	243.428	0.503906	72	127
note	243.939	0.248698	52	127
note	244.194	0.248698	53	127
note	243.939	0.503906	71	127
note	242.918	1.52474	57	127
note	244.449	0.248698	52	127
note	244.704	0.248698	50	127
note	244.449	0.503906	76	127
note	244.96	0.503906	49	127
note	244.449	1.01432	55	127
note	245.47	0.248698	53	127
note	245.725	0.248698	52	127
note	245.47	0.503906	45	127
note	244.96	1.26953	69	127
note	246.236	0.248698	77	127
note	245.98	0.503906	50	127
note	246.491	0.248698	74	127
note	246.746	0.248698	71	127
note	246.491	0.503906	48	127
note	247.001	0.503906	47	127
note	245.98	1.52474	53	127
note	247.512	0.248698	52	127
note	247.767	0.248698	50	127
note	247.512	0.503906	43	127
note	247.001	1.26953	67	127
note	248.277	0.248698	76	127
note	248.022	0.503906	48	127
note	248.533	0.248698	72	127
note	248.788	0.248698	69	127
note	248.533	0.503906	47	127
note	249.043	0.503906	65	127
note	249.043	0.503906	45	127
note	249.553	0.248698	67	127
note	249.553	0.248698	47	127
note	249.809	0.248698	69	127
note	249.809	0.248698	48	127
note	248.022	2.03516	52	127
note	250.064	0.248698	67	127
note	250.319	0.248698	65	127
note	250.064	0.503906	47	127
note	250.574	0.248698	64	127
note	250.064	1.00911	50	127
note	250.829	0.248698	65	127
note	250.574	0.503906	43	127
note	251.085	0.247396	48	127
note	251.595	0.248698	50	127
note	251.85	0.248698	52	127
note	252.105	0.248698	53	127
note	252.361	0.248698	55	127
note	251.34	1.27604	48	127
note	252.616	0.248698	57	127
note	252.871	0.248698	59	127
note	252.616	0.503906	47	127
note	251.085	2.29036	64	127
note	253.382	0.248698	62	127
note	253.637	0.248698	64	127
note	253.892	0.248698	65	127
note	254.147	0.248698	67	127
note	253.126	1.27604	45	127
note	254.402	0.248698	69	127
note	254.658	0.248698	71	127
note	254.913	0.248698	72	127
note	254.658	0.503906	43	127
note	255.168	0.248698	62	127
note	255.168	0.248698	41	127
note	255.423	0.248698	64	127
note	255.423	0.248698	55	127
note	255.678	0.248698	62	127
note	255.678	0.248698	53	127
note	255.934	0.248698	64	127
note	255.934	0.248698	52	127
note	256.189	0.248698	50	127
note	253.126	3.3112	60	127
note	256.444	0.248698	64	127
note	256.444	0.248698	48	127
note	256.699	0.248698	62	127
note	256.699	0.248698	47	127
note	256.954	0.248698	60	127
note	256.954	0.248698	45	127
note	256.189	1.26953	65	127
note	257.21	0.291667	43	127
note	257.465	0.248698	69	127
note	257.21	0.503906	59	127
note	257.72	0.248698	72	127
note	257.72	0.248698	67	127
note	257.72	0.248698	64	127
note	257.975	0.248698	71	127
note	257.975	0.248698	65	127
note	257.975	0.248698	62	127
note	257.72	0.503906	55	127
note	258.23	0.248698	60	127
note	258.486	0.248698	59	127
note	258.23	0.503906	72	127
note	258.23	0.503906	64	127
note	258.23	0.503906	57	127
note	258.741	0.248698	57	127
note	258.996	0.248698	59	127
note	258.741	0.503906	74	127
note	258.741	0.503906	69	127
note	258.741	0.503906	53	127
note	259.251	0.503906	76	127
note	259.762	0.248698	76	127
note	259.762	0.248698	48	127
note	260.017	0.248698	74	127
note	260.017	0.248698	47	127
note	260.272	0.503906	76	127
note	260.272	0.503906	48	127
note	260.783	0.503906	77	127
note	260.783	0.503906	50	127
note	261.293	0.248698	79	127
note	261.548	0.248698	77	127
note	261.293	0.503906	52	127
note	259.251	2.54557	67	127
note	259.251	2.54557	60	127
note	261.803	0.248698	76	127
note	261.803	0.248698	52	127
note	262.059	0.248698	77	127
note	262.059	0.248698	50	127
note	261.803	0.503906	72	127
note	262.314	0.503906	79	127
note	262.314	0.503906	71	127
note	262.314	0.503906	52	127
note	261.803	1.01432	55	127
note	262.824	0.503906	81	127
note	262.824	0.503906	69	127
note	262.824	0.503906	54	127
note	263.335	0.248698	55	127
note	263.59	0.248698	53	127
note	263.335	0.503906	71	127
note	263.335	0.503906	67	127
note	262.824	1.01432	62	127
note	263.845	0.248698	52	127
note	264.1	0.248698	53	127
note	263.845	0.503906	64	127
note	263.845	0.74349	67	127
note	264.355	0.503906	65	127
note	264.355	0.503906	62	127
note	264.355	0.503906	55	127
note	264.866	0.503906	72	127
note	264.866	0.503906	64	127
note	264.866	0.503906	60	127
note	264.866	0.503906	57	127
note	265.376	0.248698	74	127
note	265.376	0.248698	62	127
note	265.632	0.248698	76	127
note	265.632	0.248698	67	127
note	265.376	0.503906	47	127
note	265.887	0.248698	72	127
note	265.887	0.248698	69	127
note	265.376	1.00911	55	127
note	266.142	0.248698	74	127
note	266.142	0.248698	71	127
note	265.887	0.690104	43	127
note	266.397	0.248698	76	127
note	266.652	0.248698	77	127
note	266.908	0.248698	74	127
note	267.163	0.248698	76	127
note	266.908	0.503906	48	127
note	267.418	0.248698	50	127
note	267.673	0.248698	52	127
note	267.418	0.503906	77	127
note	267.928	0.248698	48	127
note	268.184	0.248698	50	127
note	267.928	0.503906	76	127
note	266.397	2.03516	72	127
note	268.439	0.248698	52	127
note	268.694	0.248698	53	127
note	268.439	0.503906	74	127
note	268.439	0.503906	71	127
note	268.949	0.248698	50	127
note	269.204	0.248698	52	127
note	268.949	0.503906	79	127
note	268.949	0.503906	70	127
note	268.949	0.503906	55	127
note	269.46	0.248698	72	127
note	269.46	0.248698	57	127
note	269.715	0.248698	71	127
note	269.715	0.248698	59	127
note	269.46	0.503906	69	127
note	269.46	0.503906	53	127
note	269.97	0.248698	74	127
note	269.97	0.248698	55	127
note	270.225	0.248698	72	127
note	270.225	0.248698	57	127
note	269.97	0.503906	52	127
note	270.48	0.248698	71	127
note	270.48	0.248698	59	127
note	270.736	0.248698	69	127
note	270.736	0.248698	60	127
note	270.48	0.503906	50	127
note	270.991	0.248698	67	127
note	270.991	0.248698	57	127
note	271.246	0.248698	65	127
note	271.246	0.248698	59	127
note	270.991	0.503906	55	127
note	271.501	0.503906	64	127
note	271.501	0.503906	60	127
note	271.501	0.503906	48	127
note	272.012	0.248698	65	127
note	272.012	0.248698	50	127
note	272.267	0.248698	67	127
note	272.267	0.248698	52	127
note	272.012	0.503906	59	127
note	272.522	0.248698	69	127
note	272.777	0.248698	71	127
note	272.522	0.503906	57	127
note	273.033	0.248698	72	127
note	273.288	0.248698	74	127
note	273.033	0.759115	62	127
note	273.798	0.248698	64	127
note	273.543	0.503906	71	127
note	274.053	0.248698	69	127
note	274.053	0.248698	60	127
note	274.309	0.248698	67	127
note	274.309	0.248698	62	127
note	272.522	2.03516	53	127
note	274.564	0.248698	64	127
note	274.819	0.248698	65	127
note	274.564	0.503906	52	127
note	273.543	1.52474	55	127
note	275.074	0.248698	62	127
note	275.329	0.248698	64	127
note	275.074	0.503906	60	127
note	275.074	0.503906	57	127
note	275.585	0.248698	62	127
note	275.84	0.248698	53	127
note	275.585	0.503906	65	127
note	275.585	0.503906	50	127
note	276.095	0.248698	55	127
note	276.095	0.248698	52	127
note	276.35	0.248698	57	127
note	276.35	0.248698	53	127
note	276.095	0.503906	64	127
note	274.564	2.03516	72	127
note	276.605	0.248698	59	127
note	276.861	0.248698	60	127
note	276.605	0.503906	62	127
note	276.605	0.503906	55	127
note	277.116	0.248698	62	127
note	277.371	0.248698	59	127
note	277.116	0.503906	67	127
note	277.116	0.503906	43	127
note	276.605	1.01432	71	127
note	277.626	0.248698	64	127
note	277.902	0.248698	65	127
note	277.626	0.539062	72	127
note	278.158	0.248698	64	127
note	278.158	0.248698	76	127
note	277.626	1.00911	55	127
note	277.626	1.00911	48	127
note	278.413	0.248698	62	127
note	278.413	0.248698	77	127
note	278.668	0.248698	60	127
note	278.923	0.248698	59	127
note	278.668	0.503906	76	127
note	279.178	0.248698	57	127
note	279.434	0.248698	56	127
note	279.178	0.503906	52	127
note	279.178	0.503906	74	127
note	279.944	0.248698	58	127
note	279.689	0.503906	57	127
note	279.689	0.503906	72	127
note	279.689	0.74349	45	127
note	280.199	0.248698	57	127
note	280.199	0.248698	69	127
note	280.454	0.248698	55	127
note	280.454	0.248698	70	127
note	280.199	0.503906	73	127
note	280.71	0.248698	53	127
note	280.965	0.248698	52	127
note	280.71	0.503906	69	127
note	280.71	0.503906	74	127
note	281.22	0.248698	50	127
note	281.475	0.248698	49	127
note	281.22	0.503906	67	127
note	281.22	0.503906	76	127
note	281.73	0.503906	65	127
note	281.73	0.503906	69	127
note	282.241	0.248698	57	127
note	282.241	0.248698	65	127
note	282.241	0.248698	74	127
note	282.496	0.248698	58	127
note	282.496	0.248698	67	127
note	282.496	0.248698	76	127
note	282.751	0.503906	57	127
note	282.751	0.503906	65	127
note	282.751	0.503906	74	127
note	283.262	0.503906	55	127
note	283.262	0.503906	64	127
note	283.262	0.503906	72	127
note	283.772	0.248698	62	127
note	283.772	0.248698	71	127
note	284.027	0.248698	64	127
note	284.027	0.248698	72	127
note	283.772	0.503906	53	127
note	284.283	0.248698	53	127
note	284.283	0.248698	65	127
note	284.283	0.248698	74	127
note	284.538	0.248698	55	127
note	284.538	0.248698	64	127
note	284.538	0.248698	72	127
note	284.793	0.503906	53	127
note	284.793	0.503906	62	127
note	284.793	0.503906	71	127
note	281.73	3.56641	50	127
note	285.303	0.503906	52	127
note	285.303	0.503906	60	127
note	285.303	0.503906	69	127
note	285.814	0.248698	50	127
note	286.069	0.248698	52	127
note	285.814	0.503906	53	127
note	285.814	0.503906	71	127
note	285.814	1.00911	67	127
note	286.579	0.248698	52	127
note	286.835	0.503906	50	127
note	286.324	1.01432	74	127
note	287.345	0.503906	48	127
note	287.345	0.503906	69	127
note	287.855	0.248698	67	127
note	286.324	1.77995	53	127
note	288.111	0.248698	55	127
note	288.111	0.248698	65	127
note	287.855	0.503906	59	127
note	288.366	0.248698	53	127
note	288.366	0.248698	69	127
note	288.621	0.248698	52	127
note	288.621	0.248698	67	127
note	288.366	0.74349	62	127
note	288.876	0.248698	65	127
note	289.132	0.248698	64	127
note	289.387	0.248698	67	127
note	289.642	0.248698	65	127
note	289.387	0.503906	57	127
note	289.897	0.248698	55	127
note	290.152	0.248698	53	127
note	289.897	0.503906	64	127
note	288.876	1.52474	50	127
note	290.408	0.248698	57	127
note	290.663	0.248698	55	127
note	290.408	0.503906	65	127
note	290.918	0.248698	53	127
note	291.173	0.248698	52	127
note	290.918	0.503906	67	127
note	290.408	1.01432	48	127
note	291.428	0.248698	55	127
note	291.684	0.248698	53	127
note	291.428	0.503906	47	127
note	291.428	0.503906	62	127
note	291.939	0.248698	69	127
note	292.194	0.248698	71	127
note	291.939	0.503906	48	127
note	291.939	0.503906	52	127
note	292.449	0.248698	69	127
note	292.704	0.248698	71	127
note	292.449	0.503906	50	127
note	292.449	0.503906	53	127
note	292.96	0.121094	72	127
note	293.087	0.121094	71	127
note	293.215	0.121094	72	127
note	293.342	0.121094	71	127
note	292.96	0.503906	55	127
note	293.47	0.121094	72	127
note	293.598	0.121094	71	127
note	293.725	0.121094	69	127
note	293.853	0.121094	71	127
note	293.47	0.503906	50	127
note	293.98	0.248698	57	127
note	293.98	0.248698	72	127
note	294.236	0.248698	59	127
note	294.236	0.248698	74	127
note	292.96	1.52474	43	127
note	294.491	0.248698	72	127
note	294.746	0.248698	59	127
note	294.746	0.248698	74	127
note	294.491	0.503906	57	127
note	295.001	0.121094	60	127
note	295.001	0.121094	76	127
note	295.129	0.121094	59	127
note	295.129	0.121094	74	127
note	295.257	0.121094	60	127
note	295.257	0.121094	76	127
note	295.384	0.121094	59	127
note	295.384	0.121094	74	127
note	295.001	0.503906	55	127
note	295.512	0.121094	60	127
note	295.512	0.121094	76	127
note	295.639	0.121094	59	127
note	295.639	0.121094	74	127
note	295.767	0.121094	57	127
note	295.767	0.121094	72	127
note	295.895	0.121094	59	127
note	295.895	0.121094	74	127
note	295.512	0.503906	53	127
note	296.022	0.248698	76	127
note	296.277	0.248698	74	127
note	296.022	0.503906	52	127
note	296.533	0.248698	72	127
note	296.788	0.248698	71	127
note	296.533	0.503906	50	127
note	297.043	0.248698	69	127
note	297.298	0.248698	67	127
note	297.043	0.503906	48	127
note	297.553	0.248698	66	127
note	297.809	0.248698	64	127
note	297.553	0.503906	52	127
note	298.064	0.503906	50	127
note	298.064	0.503906	66	127
note	296.022	2.54557	60	127
note	298.574	0.248698	50	127
note	298.829	0.248698	52	127
note	298.574	0.503906	54	127
note	298.574	0.503906	62	127
note	299.085	0.503906	50	127
note	299.085	0.503906	55	127
note	299.085	0.503906	64	127
note	299.595	0.503906	48	127
note	299.595	0.503906	57	127
note	299.595	0.503906	66	127
note	300.105	0.503906	47	127
note	300.105	0.503906	59	127
note	300.105	0.503906	67	127
note	300.616	0.248698	47	127
note	300.616	0.248698	74	127
note	300.871	0.248698	48	127
note	300.871	0.248698	76	127
note	300.616	0.503906	50	127
note	300.616	0.503906	66	127
note	301.126	0.503906	47	127
note	301.126	0.503906	52	127
note	301.126	0.503906	67	127
note	301.126	0.503906	74	127
note	301.637	0.503906	45	127
note	301.637	0.503906	54	127
note	301.637	0.503906	69	127
note	301.637	0.503906	72	127
note	302.147	0.248698	43	127
note	302.402	0.248698	45	127
note	302.147	0.503906	71	127
note	302.658	0.248698	47	127
note	302.658	0.248698	71	127
note	302.913	0.248698	45	127
note	302.913	0.248698	72	127
note	303.168	0.503906	43	127
note	303.168	0.503906	71	127
note	302.147	1.52474	55	127
note	302.147	1.52474	62	127
note	303.678	0.503906	42	127
note	303.678	0.503906	57	127
note	303.678	0.503906	63	127
note	303.678	0.503906	69	127
note	304.189	0.248698	67	127
note	304.444	0.248698	69	127
note	304.189	0.503906	52	127
note	304.189	0.503906	64	127
note	304.699	0.248698	64	127
note	304.699	0.248698	71	127
note	304.954	0.248698	63	127
note	304.954	0.248698	69	127
note	304.699	0.74349	55	127
note	305.21	0.503906	67	127
note	305.72	0.503906	50	127
note	305.72	0.503906	66	127
note	306.23	0.248698	48	127
note	306.486	0.248698	47	127
note	306.23	0.503906	76	127
note	305.21	1.52474	64	127
note	304.189	2.54557	59	127
note	306.741	0.248698	50	127
note	306.996	0.248698	48	127
note	306.741	0.503906	52	127
note	306.741	0.503906	67	127
note	306.741	0.74349	79	127
note	307.251	0.248698	47	127
note	307.507	0.248698	45	127
note	307.251	0.503906	54	127
note	307.251	0.503906	69	127
note	307.762	0.248698	48	127
note	308.017	0.248698	47	127
note	307.762	0.503906	55	127
note	307.762	0.503906	71	127
note	307.762	0.503906	74	127
note	308.272	0.248698	72	127
note	308.527	0.248698	71	127
note	308.272	0.503906	45	127
note	308.272	0.503906	57	127
note	308.783	0.248698	74	127
note	309.038	0.248698	72	127
note	308.783	0.503906	47	127
note	308.783	0.503906	50	127
note	309.293	0.248698	71	127
note	309.548	0.248698	69	127
note	309.293	0.503906	48	127
note	309.293	0.503906	52	127
note	308.783	1.01432	67	127
note	309.803	0.248698	50	127
note	309.803	0.248698	66	127
note	309.803	0.248698	72	127
note	310.059	0.248698	52	127
note	310.059	0.248698	67	127
note	310.059	0.248698	71	127
note	309.803	0.503906	43	127
note	310.314	0.248698	54	127
note	310.569	0.248698	55	127
note	310.314	0.503906	69	127
note	310.824	0.248698	52	127
note	311.079	0.248698	54	127
note	310.824	0.503906	71	127
note	310.314	1.01432	50	127
note	311.335	0.248698	55	127
note	311.59	0.248698	57	127
note	311.335	0.503906	72	127
note	311.845	0.248698	54	127
note	312.1	0.248698	55	127
note	311.845	0.503906	67	127
note	311.335	1.01432	52	127
note	312.355	0.248698	74	127
note	312.611	0.248698	76	127
note	312.355	0.503906	57	127
note	312.866	0.248698	59	127
note	312.866	0.382812	74	127
note	313.121	0.248698	60	127
note	312.355	1.01432	54	127
note	313.249	0.127604	76	127
note	313.376	0.121094	77	127
note	313.504	0.121094	76	127
note	313.376	0.248698	59	127
note	313.632	0.121094	77	127
note	313.759	0.121094	76	127
note	313.632	0.248698	60	127
note	313.887	0.121094	77	127
note	314.014	0.121094	76	127
note	313.887	0.248698	57	127
note	314.142	0.121094	74	127
note	314.27	0.121094	76	127
note	314.142	0.248698	59	127
note	313.376	1.01432	55	127
note	314.652	0.248698	76	127
note	314.397	0.503906	60	127
note	314.908	0.248698	62	127
note	314.908	0.248698	74	127
note	315.163	0.248698	64	127
note	315.163	0.248698	72	127
note	314.397	1.01432	57	127
note	315.418	0.248698	71	127
note	315.673	0.248698	69	127
note	315.418	0.503906	59	127
note	315.418	0.503906	62	127
note	315.928	0.248698	68	127
note	316.184	0.248698	69	127
note	315.928	0.503906	57	127
note	315.928	0.503906	60	127
note	316.439	0.503906	56	127
note	316.439	0.503906	59	127
note	314.397	2.54557	77	127
note	316.949	0.248698	76	127
note	317.204	0.248698	77	127
note	316.949	0.503906	52	127
note	316.949	0.503906	56	127
note	317.46	0.503906	54	127
note	317.46	0.503906	57	127
note	317.46	0.503906	76	127
note	317.97	0.503906	56	127
note	317.97	0.503906	59	127
note	317.97	0.503906	74	127
note	318.48	0.503906	57	127
note	318.48	0.503906	60	127
note	318.48	0.503906	72	127
note	316.439	2.54557	71	127
note	318.991	0.248698	64	127
note	318.991	0.248698	72	127
note	319.246	0.248698	65	127
note	319.246	0.248698	74	127
note	318.991	0.503906	48	127
note	318.991	0.503906	52	127
note	319.501	0.503906	50	127
note	319.501	0.503906	54	127
note	319.501	0.503906	64	127
note	319.501	0.503906	72	127
note	320.012	0.503906	52	127
note	320.012	0.503906	56	127
note	320.012	0.503906	62	127
note	320.012	0.503906	71	127
note	320.522	0.248698	69	127
note	320.777	0.248698	71	127
note	320.522	0.503906	60	127
note	321.033	0.248698	60	127
note	321.033	0.248698	72	127
note	321.288	0.248698	62	127
note	321.288	0.248698	71	127
note	320.522	1.27604	53	127
note	320.522	1.27604	57	127
note	321.543	0.503906	60	127
note	321.543	0.503906	69	127
note	322.053	0.503906	49	127
note	322.053	0.503906	52	127
note	322.053	0.503906	58	127
note	322.053	0.503906	67	127
note	322.564	0.248698	57	127
note	322.819	0.248698	59	127
note	322.564	0.503906	50	127
note	322.564	0.503906	53	127
note	322.564	0.503906	77	127
note	323.074	0.248698	61	127
note	323.329	0.248698	59	127
note	323.074	0.503906	52	127
note	323.074	0.503906	55	127
note	323.074	0.74349	81	127
note	323.585	0.503906	53	127
note	323.585	0.503906	57	127
note	324.095	0.503906	49	127
note	324.095	0.503906	55	127
note	324.095	0.503906	58	127
note	324.095	0.503906	76	127
note	324.605	0.248698	74	127
note	324.861	0.248698	72	127
note	324.605	0.503906	57	127
note	324.605	0.503906	66	127
note	325.116	0.248698	56	127
note	325.116	0.248698	76	127
note	325.371	0.248698	54	127
note	325.371	0.248698	74	127
note	325.116	0.503906	71	127
note	324.605	1.01432	50	127
note	325.626	0.248698	72	127
note	325.882	0.248698	71	127
note	325.626	0.503906	52	127
note	326.137	0.248698	74	127
note	326.392	0.248698	72	127
note	326.137	0.503906	57	127
note	326.137	0.503906	64	127
note	326.647	0.248698	62	127
note	326.902	0.248698	60	127
note	326.647	0.503906	53	127
note	325.626	1.52474	45	127
note	327.158	0.248698	64	127
note	327.413	0.248698	62	127
note	327.158	0.503906	44	127
note	327.668	0.248698	60	127
note	327.923	0.248698	59	127
note	327.158	1.01432	52	127
note	326.647	1.52474	71	127
note	328.178	0.248698	53	127
note	328.178	0.248698	62	127
note	328.434	0.248698	51	127
note	328.434	0.248698	60	127
note	327.668	1.01432	45	127
note	328.178	0.759115	69	127
note	328.944	0.248698	71	127
note	328.689	0.503906	59	127
note	329.199	0.248698	68	127
note	329.454	0.248698	69	127
note	329.199	0.503906	60	127
note	329.71	0.248698	62	127
note	329.965	0.248698	60	127
note	330.22	0.248698	64	127
note	330.475	0.248698	62	127
note	328.689	2.03516	40	127
note	328.689	2.03516	52	127
note	329.71	1.26953	71	127
note	330.986	0.248698	72	127
note	330.73	0.503906	60	127
note	331.241	0.248698	69	127
note	331.496	0.248698	71	127
note	331.241	0.503906	62	127
note	331.751	0.248698	64	127
note	332.007	0.248698	62	127
note	332.262	0.248698	65	127
note	332.517	0.248698	64	127
note	330.73	2.03516	40	127
note	330.73	2.03516	52	127
note	331.751	1.26953	72	127
note	333.027	0.248698	74	127
note	332.772	0.503906	62	127
note	333.283	0.248698	71	127
note	333.538	0.248698	72	127
note	333.283	0.503906	64	127
note	333.793	0.248698	74	127
note	334.048	0.248698	72	127
note	334.303	0.248698	71	127
note	334.559	0.248698	69	127
note	332.772	2.03776	52	127
note	334.812	0.248698	68	127
note	332.772	2.38932	40	127
note	335.068	0.248698	71	127
note	334.812	0.503906	52	127
note	333.793	1.52344	65	127
note	335.323	0.248698	52	127
note	335.323	0.248698	72	127
note	335.578	0.248698	53	127
note	335.578	0.248698	74	127
note	335.323	0.503906	64	127
note	335.833	0.248698	76	127
note	336.089	0.248698	77	127
note	335.833	0.503906	52	127
note	336.599	0.248698	70	127
note	336.344	0.503906	50	127
note	336.344	0.759115	79	127
note	337.109	0.248698	81	127
note	336.854	0.503906	49	127
note	337.365	0.248698	49	127
note	337.365	0.248698	52	127
note	337.365	0.248698	79	127
note	337.62	0.248698	50	127
note	337.62	0.248698	53	127
note	337.62	0.248698	77	127
note	336.854	1.26953	69	127
note	338.13	0.248698	73	127
note	337.875	0.503906	49	127
note	337.875	0.503906	52	127
note	338.385	0.248698	76	127
note	338.641	0.248698	74	127
note	338.385	0.503906	47	127
note	338.385	0.503906	50	127
note	338.896	0.248698	45	127
note	337.875	1.26953	79	127
note	339.151	0.248698	47	127
note	339.151	0.248698	77	127
note	338.896	0.503906	49	127
note	338.896	0.503906	76	127
note	339.406	0.248698	49	127
note	339.406	0.248698	52	127
note	339.661	0.248698	47	127
note	339.661	0.248698	50	127
note	339.661	0.248698	77	127
note	339.406	0.74349	76	127
note	340.172	0.248698	69	127
note	339.917	0.503906	45	127
note	339.917	0.503906	49	127
note	340.427	0.248698	73	127
note	340.682	0.248698	74	127
note	340.427	0.503906	43	127
note	340.427	0.503906	46	127
note	340.938	0.248698	76	127
note	339.917	1.26953	79	127
note	341.193	0.248698	73	127
note	341.193	0.248698	82	127
note	341.448	0.248698	81	127
note	341.703	0.248698	79	127
note	341.958	0.248698	77	127
note	340.938	1.27604	41	127
note	340.938	1.27604	45	127
note	342.214	0.248698	76	127
note	341.448	1.01432	74	127
note	342.469	0.248698	65	127
note	342.469	0.248698	69	127
note	342.469	0.248698	74	127
note	342.724	0.248698	64	127
note	342.724	0.248698	67	127
note	342.724	0.248698	73	127
note	342.469	0.503906	53	127
note	342.979	0.248698	74	127
note	343.234	0.248698	76	127
note	342.979	0.503906	58	127
note	342.979	0.503906	65	127
note	343.49	0.248698	74	127
note	343.745	0.248698	76	127
note	343.49	0.503906	55	127
note	343.49	0.503906	70	127
note	344	0.0872396	77	127
note	344.085	0.0846354	76	127
note	344.169	0.0846354	77	127
note	344	0.502604	69	127
note	342.979	1.52344	62	127
note	344.253	0.503906	76	127
note	344.763	0.248698	74	127
note	344.508	0.503906	61	127
note	344	1.01302	57	127
note	345.018	0.503906	50	127
note	345.018	0.503906	62	127
note	344.508	1.01432	67	127
note	345.529	0.248698	50	127
note	345.529	0.248698	65	127
note	345.784	0.248698	49	127
note	345.784	0.248698	64	127
note	346.039	0.248698	65	127
note	346.294	0.248698	67	127
note	346.039	0.503906	50	127
note	346.549	0.248698	69	127
note	346.805	0.248698	65	127
note	346.549	0.503906	52	127
note	345.529	1.52734	57	127
note	347.059	0.503906	53	127
note	347.059	0.503906	62	127
note	347.569	0.248698	53	127
note	347.569	0.248698	57	127
note	347.824	0.248698	52	127
note	347.824	0.248698	56	127
note	345.018	3.05469	74	127
note	348.079	0.503906	54	127
note	348.079	0.503906	57	127
note	348.59	0.503906	56	127
note	348.59	0.503906	59	127
note	349.1	0.248698	57	127
note	349.355	0.248698	56	127
note	349.1	0.503906	60	127
note	349.611	0.248698	54	127
note	349.611	0.248698	60	127
note	349.866	0.248698	56	127
note	349.866	0.248698	59	127
note	350.121	0.503906	57	127
note	350.121	0.503906	60	127
note	350.632	0.503906	59	127
note	350.632	0.503906	62	127
note	351.142	0.248698	64	127
note	351.142	0.476562	48	127
note	351.397	0.248698	62	127
note	351.652	0.248698	60	127
note	351.908	0.248698	62	127
note	351.652	0.74349	45	127
note	352.163	0.503906	64	127
note	352.673	0.503906	50	127
note	352.673	0.503906	65	127
note	353.184	0.248698	52	127
note	353.439	0.248698	53	127
note	353.184	0.503906	56	127
note	353.694	0.247396	52	127
note	353.694	0.248698	50	127
note	354.204	0.248698	53	127
note	353.949	0.74349	52	127
note	354.46	0.248698	55	127
note	354.715	0.248698	52	127
note	354.97	0.248698	54	127
note	354.715	0.503906	57	127
note	355.225	0.248698	59	127
note	355.48	0.248698	60	127
note	355.225	0.503906	55	127
note	355.736	0.248698	57	127
note	355.991	0.248698	59	127
note	355.736	0.503906	53	127
note	356.246	0.248698	60	127
note	356.501	0.248698	62	127
note	356.246	0.503906	52	127
note	356.757	0.248698	59	127
note	357.012	0.248698	61	127
note	356.757	0.503906	57	127
note	357.267	0.492188	50	127
note	357.267	0.492188	62	127
note	357.777	0.248698	76	127
note	358.033	0.248698	77	127
note	357.777	0.503906	60	127
note	357.777	0.759115	57	127
note	358.543	0.248698	56	127
note	358.288	0.503906	59	127
note	358.288	0.503906	76	127
note	358.798	0.248698	57	127
note	359.053	0.248698	56	127
note	358.798	0.503906	64	127
note	358.798	0.503906	74	127
note	359.309	0.503906	72	127
note	359.309	0.503906	69	127
note	359.819	0.248698	69	127
note	359.819	0.248698	72	127
note	360.074	0.248698	71	127
note	360.074	0.248698	74	127
note	359.309	1.26953	57	127
note	360.585	0.248698	55	127
note	360.329	0.503906	69	127
note	360.329	0.503906	72	127
note	360.84	0.248698	53	127
note	361.095	0.248698	52	127
note	360.84	0.503906	67	127
note	360.84	0.503906	70	127
note	361.35	0.248698	69	127
note	361.605	0.248698	70	127
note	361.35	0.503906	65	127
note	361.861	0.248698	57	127
note	361.861	0.248698	65	127
note	361.861	0.248698	72	127
note	362.116	0.248698	58	127
note	362.116	0.248698	67	127
note	362.116	0.248698	70	127
note	361.35	1.26953	53	127
note	362.626	0.248698	52	127
note	362.371	0.503906	60	127
note	362.371	0.503906	65	127
note	362.371	0.503906	69	127
note	362.882	0.248698	50	127
note	363.137	0.248698	49	127
note	362.882	0.503906	58	127
note	362.882	0.503906	64	127
note	362.882	0.503906	67	127
note	363.392	0.248698	62	127
note	363.647	0.248698	64	127
note	363.392	0.503906	50	127
note	363.392	0.503906	57	127
note	363.392	0.503906	77	127
note	363.902	0.248698	65	127
note	364.158	0.248698	64	127
note	363.902	0.503906	62	127
note	363.902	0.74349	81	127
note	364.413	0.248698	65	127
note	364.668	0.248698	67	127
note	364.413	0.503906	62	127
note	364.923	0.503906	61	127
note	364.923	0.503906	76	127
note	365.434	0.248698	74	127
note	365.689	0.248698	73	127
note	365.434	0.503906	70	127
note	364.923	1.01432	69	127
note	365.944	0.247396	74	127
note	365.944	0.248698	76	127
note	366.199	0.248698	74	127
note	366.454	0.248698	73	127
note	366.71	0.248698	71	127
note	365.944	1.01432	67	127
note	366.965	0.248698	74	127
note	367.22	0.248698	72	127
note	366.965	0.503906	69	127
note	366.965	0.74349	65	127
note	367.475	0.248698	67	127
note	367.73	0.248698	65	127
note	367.475	0.503906	71	127
note	367.986	0.248698	69	127
note	368.241	0.248698	67	127
note	367.986	0.503906	64	127
note	367.986	0.503906	73	127
note	368.496	0.248698	65	127
note	368.751	0.248698	64	127
note	368.496	0.503906	74	127
note	369.007	0.248698	67	127
note	368.496	1.00911	62	127
note	369.262	0.248698	65	127
note	369.007	0.503906	69	127
note	369.772	0.248698	61	127
note	369.517	0.503906	64	127
note	370.027	0.248698	64	127
note	370.283	0.248698	62	127
note	370.027	0.503906	65	127
note	370.538	0.248698	61	127
note	370.793	0.248698	59	127
note	371.048	0.248698	62	127
note	371.303	0.248698	61	127
note	370.538	1.01432	67	127
note	369.517	2.29036	76	127
note	371.814	0.248698	73	127
note	372.069	0.248698	74	127
note	372.324	0.248698	77	127
note	371.559	1.01432	65	127
note	371.559	1.26953	62	127
note	372.835	0.248698	59	127
note	372.579	0.503906	64	127
note	373.09	0.248698	61	127
note	373.345	0.248698	64	127
note	373.09	0.759115	69	127
note	372.579	1.26953	79	127
note	373.855	0.248698	73	127
note	373.855	0.248698	76	127
note	374.111	0.248698	77	127
note	374.366	0.248698	81	127
note	374.111	0.503906	74	127
note	373.6	1.26953	65	127
note	374.876	0.248698	62	127
note	374.621	0.503906	67	127
note	375.132	0.248698	64	127
note	375.387	0.248698	67	127
note	375.132	0.759115	72	127
note	374.621	1.26953	82	127
note	375.897	0.248698	76	127
note	375.897	0.248698	79	127
note	376.152	0.248698	81	127
note	376.408	0.248698	84	127
note	376.152	0.503906	77	127
note	375.642	1.26953	69	127
note	376.918	0.248698	65	127
note	376.663	0.503906	70	127
note	376.663	0.503906	74	127
note	377.173	0.248698	67	127
note	377.173	0.248698	76	127
note	377.428	0.248698	79	127
note	377.428	0.503906	70	127
note	377.939	0.248698	67	127
note	377.684	0.503906	64	127
note	377.684	0.74349	72	127
note	378.194	0.248698	69	127
note	378.194	0.503906	65	127
note	378.449	0.503906	72	127
note	378.96	0.248698	65	127
note	379.215	0.248698	67	127
note	378.704	1.01432	58	127
note	378.704	1.01432	62	127
note	379.47	0.503906	70	127
note	379.98	0.248698	70	127
note	379.725	0.503906	64	127
note	380.236	0.248698	48	127
note	380.236	0.248698	69	127
note	380.491	0.248698	50	127
note	380.491	0.248698	67	127
note	380.746	0.0872396	69	127
note	380.832	0.0846354	67	127
note	380.915	0.0846354	69	127
note	380.746	0.502604	48	127
note	380.236	1.01302	65	127
note	380.999	0.503906	67	127
note	381.509	0.248698	65	127
note	381.254	0.503906	46	127
note	381.254	0.503906	64	127
note	381.764	0.503906	45	127
note	379.725	2.54427	60	127
note	382.275	0.248698	45	127
note	382.275	0.248698	72	127
note	382.53	0.248698	46	127
note	382.53	0.248698	74	127
note	382.275	0.503906	52	127
note	381.764	1.51432	65	127
note	382.785	0.503906	53	127
note	382.785	0.503906	45	127
note	383.296	0.503906	52	127
note	383.296	0.503906	43	127
note	383.296	0.503906	70	127
note	382.785	1.01432	72	127
note	383.806	0.248698	41	127
note	384.061	0.248698	43	127
note	383.806	0.503906	53	127
note	383.806	0.503906	69	127
note	384.316	0.248698	45	127
note	384.316	0.248698	69	127
note	384.572	0.248698	43	127
note	384.572	0.248698	70	127
note	384.316	0.503906	52	127
note	384.827	0.503906	53	127
note	384.827	0.503906	41	127
note	384.827	0.503906	69	127
note	383.806	1.52734	72	127
note	385.336	0.503906	39	127
note	385.336	0.503906	67	127
note	385.846	0.248698	57	127
note	385.846	0.248698	66	127
note	386.102	0.248698	55	127
note	386.102	0.248698	67	127
note	385.846	0.503906	50	127
note	386.357	0.248698	54	127
note	386.357	0.248698	69	127
note	386.612	0.248698	55	127
note	386.612	0.248698	67	127
note	386.867	0.248698	57	127
note	387.122	0.248698	58	127
note	386.867	0.503906	66	127
note	387.378	0.503906	60	127
note	387.378	0.503906	48	127
note	387.378	0.503906	63	127
note	387.888	0.248698	46	127
note	388.143	0.248698	45	127
note	387.888	0.503906	54	127
note	387.888	0.503906	74	127
note	385.336	3.05599	72	127
note	388.398	0.248698	48	127
note	388.654	0.248698	46	127
note	388.398	0.503906	57	127
note	388.398	0.503906	69	127
note	388.398	0.74349	78	127
note	388.909	0.248698	45	127
note	389.164	0.248698	43	127
note	388.909	0.503906	55	127
note	389.419	0.248698	46	127
note	389.674	0.248698	45	127
note	389.419	0.503906	54	127
note	389.419	0.503906	72	127
note	389.93	0.248698	70	127
note	390.185	0.248698	69	127
note	389.93	0.503906	55	127
note	388.909	1.52474	75	127
note	390.44	0.248698	72	127
note	390.695	0.248698	70	127
note	390.44	0.503906	53	127
note	390.44	0.503906	74	127
note	390.951	0.248698	69	127
note	390.951	0.248698	72	127
note	391.206	0.248698	67	127
note	391.206	0.248698	70	127
note	390.951	0.503906	51	127
note	389.93	1.52474	43	127
note	391.461	0.248698	70	127
note	391.461	0.248698	74	127
note	391.716	0.248698	72	127
note	391.461	0.503906	42	127
note	391.716	0.259115	69	127
note	391.982	0.252604	70	127
note	391.461	1.02214	50	127
note	392.241	0.252604	72	127
note	392.5	0.252604	55	127
note	392.5	0.252604	74	127
note	392.758	0.252604	57	127
note	392.758	0.252604	72	127
note	391.982	1.29427	67	127
note	393.276	0.252604	69	127
note	393.017	0.511719	55	127
note	393.535	0.252604	67	127
note	393.794	0.252604	65	127
note	393.535	0.511719	53	127
note	394.052	0.252604	67	127
note	393.017	1.29427	70	127
note	394.311	0.252604	69	127
note	394.052	0.511719	52	127
note	394.57	0.252604	52	127
note	394.829	0.252604	53	127
note	394.829	0.252604	69	127
note	395.089	0.252604	67	127
note	395.346	0.252604	65	127
note	395.089	0.511719	52	127
note	395.605	0.252604	64	127
note	395.865	0.252604	62	127
note	395.605	0.511719	50	127
note	391.982	4.13542	43	127
note	394.57	1.54948	70	127
note	396.121	0.252604	49	127
note	396.38	0.252604	50	127
note	396.639	0.252604	52	127
note	396.639	0.252604	69	127
note	396.898	0.252604	50	127
note	396.898	0.252604	67	127
note	397.158	0.513021	49	127
note	397.158	0.513021	69	127
note	397.677	0.513021	47	127
note	397.677	0.513021	71	127
note	398.197	0.513021	57	127
note	398.197	0.513021	73	127
note	396.121	2.58854	43	127
note	396.121	2.58854	76	127
note	398.716	0.252604	52	127
note	398.716	0.252604	73	127
note	398.716	0.252604	76	127
note	398.974	0.252604	53	127
note	398.974	0.252604	71	127
note	398.974	0.252604	74	127
note	398.716	0.511719	61	127
note	399.233	0.252604	55	127
note	399.492	0.252604	53	127
note	399.233	0.511719	73	127
note	399.233	0.511719	76	127
note	399.751	0.252604	52	127
note	400.01	0.252604	50	127
note	399.751	0.511719	74	127
note	399.751	0.511719	69	127
note	399.751	0.511719	77	127
note	400.268	0.252604	76	127
note	400.527	0.252604	74	127
note	400.268	0.511719	49	127
note	400.268	0.511719	79	127
note	400.786	0.252604	73	127
note	400.786	0.252604	79	127
note	400.268	0.770833	70	127
note	401.046	0.252604	69	127
note	401.046	0.252604	74	127
note	401.046	0.252604	77	127
note	401.305	0.252604	67	127
note	401.562	0.252604	65	127
note	401.305	0.511719	76	127
note	401.305	0.511719	79	127
note	401.822	0.252604	64	127
note	402.081	0.252604	62	127
note	401.822	0.511719	77	127
note	401.822	0.511719	81	127
note	402.34	0.252604	82	127
note	402.599	0.252604	81	127
note	402.34	0.511719	67	127
note	402.857	0.252604	79	127
note	402.34	1.02344	61	127
note	403.116	0.252604	81	127
note	403.375	0.252604	82	127
note	403.634	0.252604	79	127
note	403.375	0.511719	61	127
note	402.857	1.02995	64	127
note	403.893	0.252604	81	127
note	404.151	0.252604	76	127
note	403.893	0.511719	61	127
note	403.893	0.511719	57	127
note	403.893	0.511719	69	127
note	404.41	0.252604	77	127
note	404.669	0.252604	76	127
note	404.41	0.511719	62	127
note	404.41	0.511719	69	127
note	405.188	0.252604	76	127
note	404.928	0.511719	65	127
note	404.928	0.511719	74	127
note	405.445	0.252604	77	127
note	405.704	0.252604	74	127
note	405.445	0.511719	62	127
note	405.445	0.511719	69	127
note	405.964	0.252604	76	127
note	406.223	0.252604	73	127
note	405.964	0.511719	57	127
note	405.964	0.511719	67	127
note	404.41	2.0651	50	127
note	406.482	0.252604	74	127
note	406.74	0.252604	72	127
note	406.482	0.511719	58	127
note	406.482	0.511719	65	127
note	406.999	0.252604	70	127
note	407.258	0.252604	72	127
note	406.999	0.511719	53	127
note	406.999	0.511719	62	127
note	407.517	0.252604	74	127
note	407.776	0.252604	70	127
note	407.517	0.511719	58	127
note	407.517	0.511719	65	127
note	408.034	0.252604	72	127
note	408.034	0.511719	62	127
note	408.034	0.511719	65	127
note	406.482	2.0651	50	127
note	408.293	0.302083	69	127
note	408.552	1.57682	59	127
note	408.552	1.57682	50	127
note	408.552	1.57682	64	127
note	408.822	1.32161	80	127
note	408.73	1.45573	76	127
note	408.642	1.57812	71	127
note	411.188	0.257812	69	127
note	411.452	0.257812	68	127
note	410.659	1.32161	51	127
note	410.659	1.32161	57	127
note	410.659	1.32161	60	127
note	411.716	0.522135	69	127
note	412.245	0.522135	71	127
note	412.773	0.522135	72	127
note	410.659	2.63672	81	127
note	413.302	0.257812	72	127
note	413.302	0.257812	76	127
note	413.566	0.257812	71	127
note	413.566	0.257812	74	127
note	412.773	1.32161	52	127
note	412.773	1.32161	57	127
note	412.773	1.32161	60	127
note	413.831	0.522135	72	127
note	413.831	0.522135	76	127
note	414.359	0.522135	74	127
note	414.359	0.522135	78	127
note	414.888	0.257812	76	127
note	415.152	0.257812	74	127
note	414.888	0.522135	80	127
note	415.417	0.257812	72	127
note	415.417	0.257812	80	127
note	415.681	0.257812	74	127
note	415.681	0.257812	78	127
note	415.945	0.522135	76	127
note	415.945	0.522135	80	127
note	414.888	1.58333	59	127
note	414.888	1.58333	52	127
note	414.888	1.58333	62	127
note	416.477	0.522135	77	127
note	416.477	0.522135	81	127
note	417.005	0.257812	83	127
note	417.27	0.257812	81	127
note	417.005	0.522135	68	127
note	417.534	0.257812	59	127
note	417.534	0.257812	80	127
note	417.798	0.257812	60	127
note	417.798	0.257812	81	127
note	417.534	0.770833	64	127
note	418.062	0.257812	62	127
note	418.327	0.257812	64	127
note	418.062	0.522135	83	127
note	418.591	0.257812	66	127
note	418.855	0.257812	68	127
note	418.591	0.522135	69	127
note	418.591	0.522135	84	127
note	419.12	1.34245	69	127
note	419.12	1.34245	66	127
note	419.12	1.34245	54	127
note	419.12	1.34245	57	127
note	419.12	1.34245	71	127
note	419.12	1.34245	75	127
note	420.73	0.53125	56	127
note	420.73	0.53125	59	127
note	420.73	0.53125	71	127
note	420.73	0.53125	76	127
note	421.268	0.260417	74	127
note	421.539	0.260417	72	127
note	421.268	0.533854	60	127
note	421.268	0.533854	57	127
note	421.268	0.533854	69	127
note	421.268	0.533854	64	127
note	421.809	0.261719	71	127
note	422.077	0.261719	69	127
note	421.809	0.529948	62	127
note	421.809	0.529948	50	127
note	421.809	0.529948	65	127
note	422.344	0.261719	72	127
note	422.612	0.261719	71	127
note	422.344	0.529948	60	127
note	422.344	0.529948	69	127
note	422.88	0.261719	69	127
note	423.148	0.261719	68	127
note	422.88	0.529948	59	127
note	422.88	0.529948	62	127
note	422.344	1.06641	52	127
note	423.417	0.540365	57	127
note	423.964	0.266927	57	127
note	424.237	0.266927	58	127
note	424.51	0.540365	57	127
note	423.417	1.63411	61	127
note	423.417	1.63411	64	127
note	425.057	0.540365	55	127
note	425.057	0.540365	64	127
note	423.417	2.18099	45	127
note	423.417	2.72526	69	127
note	425.604	0.546875	53	127
note	425.604	0.546875	57	127
note	426.156	0.269531	53	127
note	426.156	0.269531	69	127
note	426.431	0.269531	55	127
note	426.431	0.269531	70	127
note	426.707	0.546875	53	127
note	426.707	0.546875	69	127
note	427.259	0.546875	52	127
note	427.259	0.546875	67	127
note	425.604	2.20182	45	127
note	427.811	0.273438	50	127
note	428.09	0.273438	52	127
note	427.811	0.552083	65	127
note	428.368	0.273438	53	127
note	428.368	0.273438	65	127
note	428.368	0.273438	74	127
note	428.648	0.273438	52	127
note	428.648	0.273438	67	127
note	428.648	0.273438	73	127
note	428.927	0.552083	50	127
note	428.927	0.552083	65	127
note	428.927	0.552083	74	127
note	429.484	0.552083	49	127
note	429.484	0.552083	64	127
note	429.484	0.552083	76	127
note	427.811	2.22526	45	127
note	430.043	0.55599	50	127
note	430.043	0.55599	74	127
note	430.043	0.55599	77	127
note	430.604	0.27474	57	127
note	430.604	0.27474	69	127
note	430.604	0.27474	77	127
note	430.043	1.11198	45	127
note	430.884	0.27474	59	127
note	430.884	0.27474	67	127
note	430.884	0.27474	76	127
note	430.604	0.55599	53	127
note	431.165	0.55599	61	127
note	431.165	0.55599	52	127
note	431.165	0.55599	69	127
note	431.165	0.55599	77	127
note	431.727	0.55599	62	127
note	431.727	0.55599	50	127
note	431.727	0.55599	71	127
note	431.727	0.55599	79	127
note	432.288	0.278646	81	127
note	432.288	0.5625	73	127
note	432.573	0.278646	79	127
note	432.857	0.278646	73	127
note	432.857	0.278646	77	127
note	433.142	0.278646	71	127
note	433.142	0.278646	79	127
note	432.288	1.69792	55	127
note	433.426	0.561198	73	127
note	433.426	0.561198	81	127
note	432.297	1.69792	52	127
note	433.992	0.561198	53	127
note	433.992	0.561198	50	127
note	433.992	0.561198	74	127
note	433.992	0.561198	82	127
note	432.288	2.26953	45	127
note	434.561	0.282552	76	127
note	434.849	0.282552	74	127
note	434.561	0.570312	73	127
note	435.138	0.282552	73	127
note	435.426	0.282552	74	127
note	435.714	0.571615	76	127
note	434.561	1.72396	52	127
note	434.561	1.72396	67	127
note	435.138	1.14844	69	127
note	436.292	0.282552	65	127
note	436.579	0.282552	64	127
note	436.292	0.570312	50	127
note	436.292	0.570312	74	127
note	436.292	0.570312	77	127
note	434.561	2.30339	45	127
note	436.87	0.289062	74	127
note	437.164	0.289062	72	127
note	437.46	0.289062	71	127
note	437.755	0.289062	72	127
note	438.051	0.294271	74	127
note	438.352	0.294271	76	127
note	436.87	1.77734	62	127
note	436.87	1.77734	68	127
note	436.87	1.77995	45	127
note	438.654	0.294271	62	127
note	438.654	0.294271	78	127
note	438.954	0.294271	64	127
note	438.954	0.294271	80	127
note	438.654	0.595052	57	127
note	438.654	0.595052	74	127
note	436.87	2.38021	59	127
note	439.255	0.606771	65	127
note	439.255	0.606771	74	127
note	439.87	0.300781	61	127
note	439.87	0.300781	64	127
note	439.87	0.300781	73	127
note	439.87	0.300781	76	127
note	440.178	0.300781	59	127
note	440.178	0.300781	62	127
note	440.178	0.300781	74	127
note	440.178	0.300781	77	127
note	440.486	0.675781	61	127
note	440.486	0.675781	64	127
note	440.486	0.675781	73	127
note	440.486	0.675781	76	127
note	441.169	0.334635	71	127
note	439.255	2.59505	57	127
note	441.169	0.716146	62	127
note	441.169	0.74349	65	127
note	441.512	0.552083	68	127
note	441.169	0.93099	74	127
note	439.255	2.90755	81	127
note	442.212	3.9401	81	127
note	442.167	3.98568	76	127
note	442.122	4.02995	73	127
note	441.944	4.20833	64	127
note	442.034	4.11979	69	127
note	441.855	4.29818	57	127
