note	0.0755208	0.127604	77	127
note	0.208333	0.127604	73	127
note	0.341146	0.127604	68	127
note	0.47526	0.127604	73	127
note	0.0755208	0.528646	49	127
note	0.608073	0.127604	77	127
note	0.740885	0.127604	73	127
note	0.608073	0.261719	61	127
note	0.873698	0.127604	78	127
note	1.00781	0.127604	73	127
note	1.14062	0.127604	78	127
note	1.27344	0.127604	73	127
note	0.873698	0.528646	51	127
note	1.40625	0.127604	78	127
note	1.53906	0.127604	73	127
note	1.40625	0.261719	61	127
note	1.67318	0.127604	80	127
note	1.80599	0.127604	73	127
note	1.9401	0.127604	80	127
note	2.07161	0.127604	73	127
note	1.67318	0.528646	53	127
note	2.20573	0.127604	80	127
note	2.33854	0.127604	73	127
note	2.20573	0.261719	61	127
note	2.47135	0.127604	82	127
note	2.60417	0.127604	73	127
note	2.73568	0.127604	82	127
note	2.86979	0.127604	73	127
note	2.47135	0.528646	54	127
note	3.0026	0.127604	82	127
note	3.13672	0.127604	73	127
note	3.0026	0.261719	61	127
note	3.26823	0.127604	80	127
note	3.40234	0.127604	73	127
note	3.53516	0.127604	80	127
note	3.66797	0.127604	73	127
note	3.26823	0.528646	53	127
note	3.80208	0.127604	80	127
note	3.93359	0.127604	73	127
note	3.80208	0.261719	61	127
note	4.06771	0.127604	78	127
note	4.20052	0.127604	77	127
note	4.33464	0.127604	75	127
note	4.46745	0.127604	77	127
note	4.06771	0.528646	51	127
note	4.59896	0.127604	78	127
note	4.73307	0.127604	75	127
note	4.59896	0.261719	60	127
note	4.86589	0.127604	77	127
note	5	0.127604	75	127
note	5.13151	0.127604	73	127
note	5.26562	0.127604	75	127
note	4.86589	0.528646	49	127
note	5.39844	0.127604	77	127
note	5.53255	0.127604	73	127
note	5.66406	0.127604	75	127
note	5.79557	0.127604	77	127
note	5.39844	0.528646	61	127
note	5.92969	0.127604	75	127
note	5.92969	0.127604	60	127
note	6.0625	0.127604	73	127
note	6.0625	0.127604	58	127
note	6.19661	0.127604	72	127
note	6.19661	0.127604	56	127
note	6.32943	0.127604	70	127
note	6.32943	0.127604	58	127
note	6.46224	0.127604	60	127
note	6.59505	0.127604	56	127
note	6.72917	0.127604	51	127
note	6.86198	0.127604	56	127
note	6.46224	0.528646	68	127
note	6.99479	0.127604	60	127
note	6.99479	0.164062	80	127
note	7.1276	0.127604	56	127
note	7.26042	0.127604	61	127
note	7.39453	0.127604	56	127
note	7.52734	0.127604	61	127
note	7.66016	0.127604	56	127
note	7.26042	0.528646	70	127
note	7.79297	0.127604	61	127
note	7.79297	0.164062	80	127
note	7.92578	0.127604	56	127
note	8.0599	0.127604	63	127
note	8.19271	0.127604	56	127
note	8.32552	0.127604	63	127
note	8.45833	0.127604	56	127
note	8.0599	0.528646	72	127
note	8.59245	0.127604	63	127
note	8.59245	0.164062	80	127
note	8.72396	0.127604	56	127
note	8.85807	0.127604	65	127
note	8.98958	0.127604	56	127
note	9.1224	0.127604	65	127
note	9.25651	0.127604	56	127
note	8.85807	0.528646	73	127
note	9.38932	0.127604	65	127
note	9.38932	0.164062	80	127
note	9.52214	0.127604	56	127
note	9.65495	0.127604	63	127
note	9.78906	0.127604	56	127
note	9.92188	0.127604	63	127
note	10.056	0.127604	56	127
note	9.65495	0.528646	72	127
note	10.1875	0.127604	63	127
note	10.1875	0.164062	80	127
note	10.3203	0.127604	56	127
note	10.4544	0.127604	61	127
note	10.5872	0.127604	60	127
note	10.7214	0.127604	58	127
note	10.8529	0.127604	60	127
note	10.4544	0.528646	70	127
note	10.987	0.127604	61	127
note	10.987	0.164062	79	127
note	11.1198	0.127604	58	127
note	11.2526	0.127604	60	127
note	11.3867	0.127604	58	127
note	11.5182	0.127604	56	127
note	11.6523	0.127604	58	127
note	11.2526	0.528646	68	127
note	11.7839	0.127604	60	127
note	11.918	0.127604	56	127
note	12.0495	0.127604	58	127
note	12.1836	0.127604	59	127
note	11.7839	0.528646	80	127
note	12.3164	0.127604	78	127
note	12.3164	0.127604	58	127
note	12.4492	0.127604	77	127
note	12.4492	0.127604	56	127
note	12.5833	0.127604	75	127
note	12.5833	0.127604	54	127
note	12.7148	0.127604	77	127
note	12.7148	0.127604	53	127
note	12.849	0.127604	78	127
note	12.9818	0.127604	75	127
note	13.1159	0.127604	70	127
note	13.2487	0.127604	75	127
note	12.849	0.528646	51	127
note	13.3815	0.127604	78	127
note	13.5143	0.127604	75	127
note	13.3815	0.261719	63	127
note	13.6471	0.127604	80	127
note	13.7812	0.127604	75	127
note	13.9141	0.127604	80	127
note	14.0469	0.127604	75	127
note	13.6471	0.528646	53	127
note	14.1797	0.127604	80	127
note	14.3138	0.127604	75	127
note	14.1797	0.261719	63	127
note	14.4466	0.127604	82	127
note	14.5781	0.127604	75	127
note	14.7122	0.127604	82	127
note	14.8438	0.127604	75	127
note	14.4466	0.528646	54	127
note	14.9779	0.127604	82	127
note	15.1107	0.127604	75	127
note	14.9779	0.261719	63	127
note	15.2435	0.127604	83	127
note	15.3763	0.127604	75	127
note	15.5104	0.127604	83	127
note	15.6432	0.127604	75	127
note	15.2435	0.528646	56	127
note	15.776	0.127604	83	127
note	15.9089	0.127604	75	127
note	15.776	0.261719	63	127
note	16.0417	0.127604	82	127
note	16.1758	0.127604	75	127
note	16.3086	0.127604	82	127
note	16.4414	0.127604	75	127
note	16.0417	0.528646	54	127
note	16.5742	0.127604	82	127
note	16.7083	0.127604	75	127
note	16.5742	0.261719	63	127
note	16.8411	0.127604	80	127
note	16.974	0.127604	78	127
note	17.1068	0.127604	77	127
note	17.2396	0.127604	78	127
note	16.8411	0.528646	53	127
note	17.3737	0.127604	80	127
note	17.5065	0.127604	77	127
note	17.3737	0.261719	62	127
note	17.6406	0.127604	78	127
note	17.7721	0.127604	77	127
note	17.9036	0.127604	75	127
note	18.0378	0.127604	77	127
note	17.6406	0.528646	51	127
note	18.1706	0.127604	78	127
note	18.1706	0.127604	63	127
note	18.3047	0.127604	75	127
note	18.3047	0.127604	62	127
note	18.4362	0.127604	77	127
note	18.5703	0.127604	78	127
note	18.4362	0.261719	63	127
note	18.7031	0.127604	77	127
note	18.7031	0.127604	61	127
note	18.8372	0.127604	75	127
note	18.8372	0.127604	60	127
note	18.9688	0.127604	73	127
note	18.9688	0.127604	58	127
note	19.1016	0.127604	72	127
note	19.1016	0.127604	60	127
note	19.2357	0.127604	61	127
note	19.3685	0.127604	58	127
note	19.5026	0.127604	53	127
note	19.6341	0.127604	58	127
note	19.7682	0.127604	61	127
note	19.901	0.127604	58	127
note	19.7682	0.261719	82	127
note	19.2357	0.794271	70	127
note	20.0352	0.127604	63	127
note	20.168	0.127604	58	127
note	20.2995	0.127604	63	127
note	20.4336	0.127604	58	127
note	20.5664	0.127604	63	127
note	20.7005	0.127604	58	127
note	20.5664	0.261719	82	127
note	20.0352	0.794271	72	127
note	20.8333	0.127604	65	127
note	20.9648	0.127604	58	127
note	21.0977	0.127604	65	127
note	21.2305	0.127604	58	127
note	21.3646	0.127604	65	127
note	21.4961	0.127604	58	127
note	21.3646	0.261719	82	127
note	20.8333	0.794271	73	127
note	21.6302	0.127604	66	127
note	21.763	0.127604	58	127
note	21.8971	0.127604	66	127
note	22.0299	0.127604	58	127
note	22.1628	0.127604	66	127
note	22.2956	0.127604	58	127
note	22.1628	0.261719	82	127
note	21.6302	0.794271	75	127
note	22.4284	0.127604	65	127
note	22.5625	0.127604	58	127
note	22.6953	0.127604	65	127
note	22.8281	0.127604	58	127
note	22.9609	0.127604	65	127
note	23.0951	0.127604	58	127
note	22.9609	0.261719	82	127
note	22.4284	0.794271	73	127
note	23.2279	0.127604	63	127
note	23.3607	0.127604	61	127
note	23.4935	0.127604	60	127
note	23.6263	0.127604	61	127
note	23.7604	0.127604	63	127
note	23.8932	0.127604	60	127
note	23.7604	0.261719	81	127
note	23.2279	0.794271	72	127
note	24.0247	0.127604	61	127
note	24.1576	0.127604	60	127
note	24.2917	0.127604	58	127
note	24.4245	0.127604	60	127
note	24.5573	0.127604	61	127
note	24.6901	0.127604	58	127
note	24.0247	0.794271	70	127
note	24.8229	0.127604	64	127
note	24.957	0.127604	62	127
note	24.5573	0.528646	82	127
note	25.0898	0.127604	60	127
note	25.224	0.127604	62	127
note	25.0898	0.261719	80	127
note	25.3555	0.127604	64	127
note	25.4896	0.127604	60	127
note	25.3555	0.261719	79	127
note	25.6224	0.127604	65	127
note	25.7552	0.127604	64	127
note	25.6224	0.261719	80	127
note	25.888	0.127604	65	127
note	26.0208	0.127604	67	127
note	25.888	0.261719	68	127
note	26.1549	0.127604	65	127
note	26.2878	0.127604	63	127
note	26.4219	0.127604	62	127
note	26.5534	0.127604	60	127
note	26.1549	0.528646	80	127
note	26.6875	0.127604	58	127
note	26.8203	0.127604	60	127
note	26.6875	0.261719	78	127
note	26.9531	0.127604	62	127
note	27.0859	0.127604	58	127
note	26.9531	0.261719	77	127
note	27.2174	0.127604	78	127
note	27.3516	0.127604	77	127
note	27.2174	0.261719	63	127
note	27.4844	0.127604	75	127
note	27.6185	0.127604	77	127
note	27.4844	0.261719	51	127
note	27.7513	0.127604	78	127
note	27.8828	0.127604	75	127
note	28.0169	0.127604	81	127
note	28.1497	0.127604	79	127
note	27.7513	0.528646	63	127
note	28.2839	0.127604	77	127
note	28.4154	0.127604	79	127
note	28.2839	0.261719	61	127
note	28.5495	0.127604	81	127
note	28.6823	0.127604	77	127
note	28.5495	0.261719	60	127
note	28.8164	0.127604	82	127
note	28.9492	0.127604	81	127
note	28.8164	0.261719	61	127
note	29.0807	0.127604	82	127
note	29.2148	0.127604	84	127
note	29.0807	0.261719	49	127
note	29.3477	0.127604	82	127
note	29.4818	0.127604	80	127
note	29.6146	0.127604	79	127
note	29.7474	0.127604	77	127
note	29.3477	0.528646	61	127
note	29.8802	0.127604	75	127
note	30.013	0.127604	77	127
note	29.8802	0.261719	60	127
note	30.1458	0.127604	79	127
note	30.2786	0.127604	75	127
note	30.1458	0.261719	58	127
note	30.4115	0.127604	60	127
note	30.5443	0.127604	58	127
note	30.6784	0.127604	56	127
note	30.4115	0.52474	80	127
note	30.8112	0.127604	58	127
note	30.6784	0.261719	68	127
note	30.944	0.127604	60	127
note	31.0768	0.127604	56	127
note	31.2096	0.127604	62	127
note	31.3438	0.127604	60	127
note	30.944	0.528646	80	127
note	31.4766	0.127604	58	127
note	31.6094	0.127604	60	127
note	31.4766	0.261719	78	127
note	31.7422	0.127604	62	127
note	31.8763	0.127604	58	127
note	31.7422	0.261719	77	127
note	32.0091	0.127604	63	127
note	32.1432	0.127604	62	127
note	32.2747	0.127604	63	127
note	32.0091	0.52474	78	127
note	32.4076	0.127604	65	127
note	32.2747	0.261719	66	127
note	32.5417	0.127604	63	127
note	32.6745	0.127604	61	127
note	32.8073	0.127604	60	127
note	32.9401	0.127604	58	127
note	32.5417	0.528646	78	127
note	33.0729	0.127604	56	127
note	33.2057	0.127604	58	127
note	33.0729	0.261719	77	127
note	33.3398	0.127604	60	127
note	33.4714	0.127604	56	127
note	33.3398	0.261719	75	127
note	33.6042	0.127604	77	127
note	33.7383	0.127604	75	127
note	33.6042	0.261719	61	127
note	33.8711	0.127604	73	127
note	34.0052	0.127604	75	127
note	33.8711	0.261719	49	127
note	34.1367	0.127604	77	127
note	34.2708	0.127604	73	127
note	34.4036	0.127604	79	127
note	34.5365	0.127604	77	127
note	34.1367	0.528646	61	127
note	34.6706	0.127604	75	127
note	34.8021	0.127604	77	127
note	34.6706	0.261719	59	127
note	34.9362	0.127604	79	127
note	35.069	0.127604	75	127
note	34.9362	0.261719	58	127
note	35.2031	0.127604	80	127
note	35.3346	0.127604	79	127
note	35.2031	0.261719	59	127
note	35.4688	0.127604	80	127
note	35.6016	0.127604	82	127
note	35.4688	0.261719	47	127
note	35.7344	0.127604	80	127
note	35.8685	0.127604	78	127
note	36	0.127604	77	127
note	36.1328	0.127604	75	127
note	35.7344	0.528646	59	127
note	36.2656	0.127604	73	127
note	36.3997	0.127604	75	127
note	36.2656	0.261719	58	127
note	36.5326	0.127604	77	127
note	36.6654	0.127604	73	127
note	36.5326	0.261719	56	127
note	36.7982	0.127604	58	127
note	36.931	0.127604	54	127
note	37.0651	0.127604	49	127
note	37.1979	0.127604	54	127
note	36.7982	0.528646	66	127
note	37.3307	0.127604	58	127
note	37.4635	0.127604	54	127
note	37.5977	0.127604	59	127
note	37.7305	0.127604	54	127
note	37.862	0.127604	59	127
note	37.9961	0.127604	54	127
note	37.3307	0.794271	78	127
note	37.5977	0.528646	68	127
note	38.1289	0.127604	59	127
note	38.263	0.127604	54	127
note	38.3958	0.127604	61	127
note	38.5286	0.127604	54	127
note	38.6615	0.127604	61	127
note	38.7956	0.127604	54	127
note	38.1289	0.794271	78	127
note	38.3958	0.528646	70	127
note	38.9284	0.127604	61	127
note	39.0612	0.127604	54	127
note	39.1927	0.127604	63	127
note	39.3255	0.127604	54	127
note	39.4596	0.127604	63	127
note	39.5924	0.127604	54	127
note	39.1927	0.528646	71	127
note	38.9284	0.794271	78	127
note	39.7253	0.127604	63	127
note	39.8581	0.127604	54	127
note	39.9922	0.127604	61	127
note	40.125	0.127604	54	127
note	40.2578	0.127604	61	127
note	40.3906	0.127604	54	127
note	39.7253	0.794271	78	127
note	39.9922	0.528646	70	127
note	40.5234	0.127604	61	127
note	40.6576	0.127604	54	127
note	40.7904	0.127604	59	127
note	40.9245	0.127604	58	127
note	41.056	0.127604	56	127
note	41.1888	0.127604	58	127
note	40.5234	0.794271	78	127
note	40.7904	0.528646	68	127
note	41.3229	0.127604	59	127
note	41.4557	0.127604	56	127
note	41.3229	0.261719	77	127
note	41.5898	0.127604	58	127
note	41.7214	0.127604	56	127
note	41.8555	0.127604	54	127
note	41.9883	0.127604	56	127
note	41.5898	0.528646	66	127
note	42.1224	0.127604	58	127
note	42.2526	0.127604	54	127
note	42.3854	0.127604	56	127
note	42.5195	0.127604	58	127
note	42.1224	0.528646	78	127
note	42.6523	0.127604	77	127
note	42.6523	0.127604	56	127
note	42.7865	0.127604	75	127
note	42.7865	0.127604	54	127
note	42.918	0.127604	73	127
note	42.918	0.127604	53	127
note	43.0521	0.127604	75	127
note	43.0521	0.127604	51	127
note	43.1849	0.127604	77	127
note	43.319	0.127604	73	127
note	43.4518	0.127604	68	127
note	43.5833	0.127604	73	127
note	43.1849	0.636719	49	127
note	43.7174	0.127604	77	127
note	43.8503	0.127604	73	127
note	43.7174	0.261719	61	127
note	43.9844	0.127604	78	127
note	44.1172	0.127604	73	127
note	44.25	0.127604	78	127
note	44.3828	0.127604	73	127
note	43.9844	0.636719	51	127
note	44.5156	0.127604	78	127
note	44.6497	0.127604	73	127
note	44.5156	0.261719	61	127
note	44.7812	0.127604	80	127
note	44.9154	0.127604	73	127
note	45.0482	0.127604	80	127
note	45.1823	0.127604	73	127
note	44.7812	0.636719	53	127
note	45.3138	0.127604	80	127
note	45.4466	0.127604	73	127
note	45.3138	0.261719	61	127
note	45.5794	0.127604	82	127
note	45.7122	0.127604	73	127
note	45.8464	0.127604	82	127
note	45.9792	0.127604	73	127
note	45.5794	0.636719	54	127
note	46.112	0.127604	82	127
note	46.2448	0.127604	73	127
note	46.112	0.261719	61	127
note	46.3789	0.127604	80	127
note	46.5117	0.127604	73	127
note	46.6445	0.127604	80	127
note	46.7773	0.127604	73	127
note	46.3789	0.636719	53	127
note	46.9102	0.127604	80	127
note	47.0443	0.127604	73	127
note	46.9102	0.261719	61	127
note	47.1771	0.127604	78	127
note	47.3099	0.127604	77	127
note	47.4427	0.127604	75	127
note	47.5768	0.127604	77	127
note	47.1771	0.583333	51	127
note	47.7096	0.127604	78	127
note	47.8424	0.127604	75	127
note	47.7096	0.261719	60	127
note	47.9753	0.127604	77	127
note	48.1081	0.127604	75	127
note	48.2422	0.127604	73	127
note	48.3737	0.127604	75	127
note	47.9753	0.528646	49	127
note	48.5078	0.127604	77	127
note	48.6393	0.127604	73	127
note	48.5078	0.261719	61	127
note	48.7734	0.127604	75	127
note	48.9062	0.127604	77	127
note	48.7734	0.261719	54	127
note	49.0391	0.127604	75	127
note	49.1719	0.127604	73	127
note	49.0391	0.261719	53	127
note	49.3047	0.127604	72	127
note	49.4388	0.127604	70	127
note	49.3047	0.261719	51	127
note	49.5716	0.260417	72	127
note	49.7057	0.127604	68	127
note	49.8372	0.127604	66	127
note	49.9714	0.127604	68	127
note	50.1042	0.127604	63	127
note	50.237	0.127604	68	127
note	49.5716	0.794271	56	127
note	50.5026	0.127604	68	127
note	50.3711	0.260417	72	127
note	50.6367	0.127604	66	127
note	50.7695	0.127604	68	127
note	50.9036	0.127604	63	127
note	51.0365	0.127604	68	127
note	50.3711	0.794271	56	127
note	51.168	0.260417	73	127
note	51.3021	0.127604	68	127
note	51.4336	0.127604	65	127
note	51.5677	0.127604	68	127
note	51.6992	0.127604	61	127
note	51.8333	0.127604	68	127
note	51.168	0.794271	56	127
note	51.9661	0.260417	73	127
note	52.1003	0.127604	68	127
note	52.2331	0.127604	65	127
note	52.3646	0.127604	68	127
note	52.4987	0.127604	61	127
note	52.6315	0.127604	68	127
note	51.9661	0.794271	56	127
note	52.8984	0.127604	68	127
note	52.7656	0.260417	78	127
note	53.0312	0.127604	63	127
note	53.1641	0.127604	68	127
note	53.2982	0.127604	60	127
note	53.431	0.127604	68	127
note	52.7656	0.794271	56	127
note	53.6966	0.127604	68	127
note	53.5638	0.260417	78	127
note	53.8294	0.127604	63	127
note	53.9635	0.127604	68	127
note	54.0964	0.127604	60	127
note	54.2292	0.127604	68	127
note	53.5638	0.794271	56	127
note	54.4935	0.127604	68	127
note	54.362	0.260417	77	127
note	54.6276	0.127604	65	127
note	54.7604	0.127604	68	127
note	54.8932	0.127604	61	127
note	55.026	0.127604	68	127
note	54.362	0.794271	56	127
note	55.293	0.127604	68	127
note	55.1602	0.260417	77	127
note	55.4271	0.127604	65	127
note	55.5586	0.127604	68	127
note	55.6914	0.127604	61	127
note	55.8255	0.127604	68	127
note	55.1602	0.794271	56	127
note	56.0911	0.127604	70	127
note	55.9583	0.260417	79	127
note	56.224	0.127604	64	127
note	56.3581	0.127604	70	127
note	56.4909	0.127604	61	127
note	56.625	0.127604	70	127
note	55.9583	0.794271	56	127
note	56.8893	0.127604	70	127
note	56.7565	0.260417	79	127
note	57.0234	0.127604	64	127
note	57.1562	0.127604	70	127
note	57.2904	0.127604	61	127
note	57.4219	0.127604	70	127
note	56.7565	0.794271	56	127
note	57.6875	0.139323	72	127
note	57.5547	0.27474	80	127
note	57.8203	0.139323	63	127
note	57.9544	0.139323	72	127
note	58.0859	0.139323	60	127
note	57.5547	0.794271	56	127
note	58.2201	0.139323	72	127
note	58.3529	0.169271	80	127
note	58.487	0.175781	72	127
note	58.6185	0.18099	63	127
note	58.7526	0.1875	72	127
note	58.3529	0.63151	54	127
note	58.8854	0.229167	60	127
note	59.0182	0.199219	72	127
note	59.1523	0.261719	53	127
note	59.1523	0.265625	80	127
note	59.2839	0.261719	73	127
note	59.418	0.261719	65	127
note	59.5508	0.164062	68	127
note	59.6849	0.261719	61	127
note	59.8177	0.164062	73	127
note	59.9505	0.210938	56	127
note	60.0833	0.164062	77	127
note	60.2161	0.210938	53	127
note	60.3503	0.164062	80	127
note	60.4818	0.210938	51	127
note	60.6146	0.127604	82	127
note	60.7474	0.127604	83	127
note	60.8815	0.127604	82	127
note	60.7474	0.261719	50	127
note	61.0143	0.127604	80	127
note	61.1458	0.127604	78	127
note	61.0143	0.261719	53	127
note	61.2799	0.127604	77	127
note	61.4128	0.127604	75	127
note	61.2799	0.261719	58	127
note	61.5469	0.127604	77	127
note	61.5469	0.19401	62	127
note	61.6797	0.127604	78	127
note	61.8125	0.127604	80	127
note	61.8125	0.19401	65	127
note	61.9453	0.127604	83	127
note	62.0794	0.127604	82	127
note	62.0794	0.19401	70	127
note	62.2122	0.127604	80	127
note	62.3451	0.127604	82	127
note	62.3451	0.261719	66	127
note	62.4779	0.261719	75	127
note	62.6107	0.261719	63	127
note	62.7448	0.164062	66	127
note	62.8776	0.261719	58	127
note	63.0104	0.164062	70	127
note	63.1432	0.210938	54	127
note	63.2773	0.164062	75	127
note	63.4102	0.210938	51	127
note	63.5417	0.164062	78	127
note	63.6745	0.217448	49	127
note	63.8073	0.127604	80	127
note	63.9414	0.127604	81	127
note	64.0742	0.127604	80	127
note	63.9414	0.261719	48	127
note	64.2083	0.127604	78	127
note	64.3398	0.127604	76	127
note	64.2083	0.261719	51	127
note	64.4727	0.127604	75	127
note	64.6068	0.127604	73	127
note	64.4727	0.261719	56	127
note	64.7396	0.127604	75	127
note	64.7396	0.204427	60	127
note	64.8737	0.127604	76	127
note	65.0052	0.127604	78	127
note	65.0052	0.204427	63	127
note	65.1393	0.127604	81	127
note	65.2721	0.127604	80	127
note	65.2721	0.204427	68	127
note	65.4062	0.127604	78	127
note	65.5378	0.127604	80	127
note	65.5378	0.261719	64	127
note	65.6706	0.261719	73	127
note	65.8047	0.261719	61	127
note	65.9375	0.192708	76	127
note	66.0716	0.261719	57	127
note	66.2031	0.192708	73	127
note	66.3372	0.261719	54	127
note	66.4701	0.19401	69	127
note	66.6029	0.19401	63	127
note	66.7357	0.169271	66	127
note	66.8672	0.169271	60	127
note	67.0013	0.169271	75	127
note	67.1341	0.261719	52	127
note	67.2682	0.19401	68	127
note	67.401	0.19401	61	127
note	67.5339	0.19401	64	127
note	67.6667	0.144531	57	127
note	67.7995	0.13151	73	127
note	67.9245	0.217448	54	127
note	68.0651	0.169271	69	127
note	68.1992	0.19401	51	127
note	68.332	0.169271	66	127
note	68.4661	0.19401	48	127
note	68.599	0.11849	63	127
note	68.7318	0.261719	44	127
note	68.8646	0.19401	56	127
note	68.9974	0.261719	54	127
note	69.1315	0.19401	56	127
note	69.3971	0.127604	56	127
note	69.2643	0.261719	51	127
note	68.7318	0.794271	60	127
note	69.5299	0.261719	44	127
note	69.6628	0.19401	56	127
note	69.7956	0.261719	54	127
note	69.9284	0.19401	56	127
note	70.194	0.127604	56	127
note	70.0612	0.261719	51	127
note	69.5299	0.794271	60	127
note	70.3281	0.261719	44	127
note	70.4609	0.19401	56	127
note	70.5938	0.261719	53	127
note	70.7266	0.19401	56	127
note	70.9935	0.127604	56	127
note	70.8607	0.261719	49	127
note	70.3281	0.794271	61	127
note	71.1263	0.261719	44	127
note	71.2591	0.19401	56	127
note	71.3919	0.261719	53	127
note	71.526	0.19401	56	127
note	71.793	0.127604	56	127
note	71.6589	0.261719	49	127
note	71.1263	0.794271	61	127
note	71.9245	0.261719	44	127
note	72.0586	0.19401	56	127
note	72.1914	0.261719	51	127
note	72.3242	0.19401	56	127
note	72.5898	0.127604	56	127
note	72.457	0.261719	48	127
note	71.9245	0.794271	66	127
note	72.7227	0.261719	44	127
note	72.8555	0.19401	56	127
note	72.9896	0.261719	51	127
note	73.1211	0.19401	56	127
note	73.388	0.127604	56	127
note	73.2552	0.261719	48	127
note	72.7227	0.794271	66	127
note	73.5208	0.261719	44	127
note	73.6549	0.19401	56	127
note	73.7865	0.261719	53	127
note	73.9206	0.19401	56	127
note	74.1875	0.127604	56	127
note	74.0534	0.261719	49	127
note	73.5208	0.794271	65	127
note	74.3203	0.261719	44	127
note	74.4518	0.204427	56	127
note	74.5859	0.261719	53	127
note	74.7188	0.217448	56	127
note	74.9844	0.127604	56	127
note	74.8529	0.261719	49	127
note	74.3203	0.794271	65	127
note	75.1185	0.278646	44	127
note	75.2513	0.229167	58	127
note	75.3854	0.220052	52	127
note	75.5182	0.242188	58	127
note	75.6497	0.220052	49	127
note	75.7826	0.127604	58	127
note	75.1185	0.794271	67	127
note	75.9154	0.260417	67	127
note	75.9154	0.315104	44	127
note	76.0495	0.255208	58	127
note	76.1823	0.220052	52	127
note	76.3151	0.261719	58	127
note	76.4479	0.220052	49	127
note	76.582	0.127604	58	127
note	76.7148	0.127604	44	127
note	76.8477	0.127604	48	127
note	76.9805	0.127604	51	127
note	77.1133	0.127604	54	127
note	77.2474	0.127604	57	127
note	77.3802	0.127604	60	127
note	77.513	0.127604	61	127
note	77.6458	0.127604	64	127
note	77.7786	0.127604	67	127
note	77.9128	0.127604	70	127
note	78.0456	0.127604	73	127
note	78.1784	0.127604	76	127
note	78.3112	0.19401	72	127
note	78.4635	0.127604	75	127
note	78.5964	0.127604	78	127
note	78.7305	0.127604	75	127
note	78.8633	0.127604	72	127
note	78.9948	0.127604	68	127
note	79.1289	0.127604	66	127
note	79.2617	0.127604	63	127
note	79.3958	0.127604	60	127
note	79.5286	0.127604	56	127
note	79.6615	0.127604	60	127
note	79.7943	0.127604	63	127
note	79.9284	0.18099	65	127
note	80.0794	0.127604	68	127
note	80.2122	0.127604	73	127
note	78.3112	2.11849	44	127
note	80.3451	0.127604	68	127
note	80.4779	0.127604	65	127
note	79.9284	0.794271	56	127
note	80.612	0.127604	61	127
note	80.7448	0.127604	58	127
note	80.8789	0.127604	55	127
note	81.0104	0.127604	52	127
note	81.1432	0.127604	49	127
note	81.2773	0.127604	52	127
note	81.4102	0.127604	55	127
note	81.5638	0.0638021	44	127
note	81.6302	0.0638021	43	127
note	82.0964	0.386719	61	127
note	82.0964	0.386719	65	127
note	82.0964	0.386719	68	127
note	82.0964	0.386719	73	127
note	82.0964	0.386719	49	127
note	82.0964	0.386719	53	127
note	82.0964	0.386719	56	127
note	82.6263	0.386719	63	127
note	82.6263	0.386719	68	127
note	82.6263	0.386719	72	127
note	82.6263	0.386719	51	127
note	82.6263	0.386719	54	127
note	82.6263	0.386719	56	127
note	81.6966	1.45443	44	127
note	83.1589	2.11849	61	127
note	83.1589	2.11849	65	127
note	83.1589	2.11849	68	127
note	83.1589	2.11849	73	127
note	83.1589	2.11849	49	127
note	83.1589	2.11849	53	127
note	83.1589	2.11849	56	127
note	86.8594	0.390625	68	127
note	87.2565	0.192708	70	127
note	87.4544	0.192708	68	127
note	87.6523	0.192708	66	127
note	87.8503	0.192708	68	127
note	88.0482	0.348958	77	127
note	88.444	0.348958	73	127
note	88.8398	0.390625	68	127
note	89.237	0.192708	66	127
note	89.4349	0.192708	65	127
note	89.6328	0.390625	66	127
note	90.0312	0.390625	75	127
note	90.4284	0.390625	65	127
note	90.8242	0.390625	73	127
note	91.2214	0.390625	63	127
note	91.6185	0.390625	72	127
note	92.4128	0.192708	73	127
note	92.0169	0.782552	61	127
note	92.6107	0.19401	72	127
note	92.8099	0.192708	73	127
note	93.0078	0.192708	75	127
note	93.2057	0.192708	77	127
note	93.4036	0.192708	78	127
note	93.2057	0.390625	61	127
note	93.6016	0.192708	65	127
note	93.6016	0.192708	80	127
note	93.7995	0.192708	63	127
note	93.7995	0.192708	79	127
note	93.9974	0.192708	61	127
note	93.9974	0.192708	77	127
note	94.1953	0.192708	63	127
note	94.1953	0.192708	79	127
note	94.3932	0.192708	80	127
note	94.3932	0.348958	72	127
note	94.5911	0.192708	78	127
note	94.7891	0.192708	77	127
note	94.7891	0.348958	68	127
note	94.987	0.192708	75	127
note	95.1836	0.192708	77	127
note	95.3815	0.192708	75	127
note	95.1836	0.390625	63	127
note	95.5807	0.192708	61	127
note	95.7786	0.192708	60	127
note	95.5807	0.58724	77	127
note	96.1745	0.192708	75	127
note	95.9766	0.390625	61	127
note	96.3724	0.192708	73	127
note	96.5703	0.192708	77	127
note	96.3724	0.390625	70	127
note	96.7682	0.192708	75	127
note	96.9661	0.192708	73	127
note	96.7682	0.390625	60	127
note	97.1641	0.192708	72	127
note	97.362	0.192708	75	127
note	97.1641	0.390625	68	127
note	97.5599	0.192708	73	127
note	97.7578	0.192708	72	127
note	97.5599	0.390625	58	127
note	97.9557	0.192708	73	127
note	98.1536	0.192708	70	127
note	97.9557	0.390625	67	127
note	98.3516	0.192708	70	127
note	98.5495	0.192708	72	127
note	98.7474	0.192708	68	127
note	98.3516	0.782552	56	127
note	98.7474	0.390625	75	127
note	98.9453	0.19401	67	127
note	99.1445	0.192708	68	127
note	99.3424	0.192708	70	127
note	99.5404	0.192708	72	127
note	99.5404	0.390625	56	127
note	99.7396	0.192708	68	127
note	99.9362	0.192708	58	127
note	99.9362	0.192708	73	127
note	100.134	0.192708	56	127
note	100.134	0.192708	72	127
note	100.332	0.192708	54	127
note	100.332	0.192708	70	127
note	99.1445	1.57682	78	127
note	100.53	0.192708	56	127
note	100.53	0.192708	72	127
note	100.728	0.192708	73	127
note	100.728	0.328125	65	127
note	100.926	0.19401	72	127
note	101.125	0.192708	70	127
note	101.125	0.328125	61	127
note	101.323	0.19401	68	127
note	101.522	0.192708	70	127
note	101.72	0.192708	68	127
note	101.522	0.390625	56	127
note	101.918	0.192708	54	127
note	102.116	0.192708	53	127
note	100.728	1.58073	77	127
note	101.918	0.58724	70	127
note	102.512	0.192708	68	127
note	102.314	0.390625	54	127
note	102.71	0.192708	66	127
note	102.908	0.192708	70	127
note	102.71	0.390625	63	127
note	103.105	0.192708	68	127
note	102.314	1.18099	75	127
note	103.105	0.390625	53	127
note	103.305	0.192708	66	127
note	103.503	0.192708	65	127
note	103.701	0.192708	68	127
note	103.503	0.390625	61	127
note	103.503	0.390625	73	127
note	103.898	0.192708	66	127
note	104.096	0.192708	65	127
note	103.898	0.390625	51	127
note	103.898	0.390625	72	127
note	104.294	0.192708	66	127
note	104.492	0.192708	63	127
note	104.294	0.390625	60	127
note	104.689	0.390625	49	127
note	104.294	0.786458	75	127
note	105.086	0.192708	61	127
note	105.284	0.192708	60	127
note	105.086	0.390625	68	127
note	105.482	0.192708	61	127
note	104.689	1.18229	65	127
note	105.68	0.192708	63	127
note	105.878	0.192708	65	127
note	106.076	0.192708	61	127
note	105.878	0.390625	68	127
note	106.273	0.192708	58	127
note	105.482	1.18099	77	127
note	106.471	0.192708	60	127
note	106.273	0.58724	73	127
note	106.669	0.192708	61	127
note	106.669	0.192708	77	127
note	106.867	0.192708	58	127
note	107.065	0.192708	55	127
note	106.867	0.58724	73	127
note	107.263	0.192708	56	127
note	107.065	0.58724	70	127
note	107.461	0.192708	58	127
note	107.461	0.192708	73	127
note	107.66	0.192708	55	127
note	107.858	0.390625	48	127
note	107.66	0.588542	70	127
note	108.255	0.192708	60	127
note	108.453	0.192708	58	127
note	108.255	0.390625	70	127
note	108.651	0.192708	60	127
note	107.858	1.18229	63	127
note	108.849	0.192708	61	127
note	109.047	0.192708	63	127
note	109.245	0.192708	60	127
note	109.047	0.390625	67	127
note	109.441	0.192708	56	127
note	109.639	0.192708	58	127
note	108.651	1.18099	75	127
note	109.441	0.58724	72	127
note	109.837	0.192708	60	127
note	109.837	0.192708	75	127
note	110.035	0.192708	56	127
note	110.233	0.192708	53	127
note	110.035	0.58724	72	127
note	110.431	0.192708	55	127
note	110.233	0.58724	68	127
note	110.629	0.192708	56	127
note	110.629	0.192708	72	127
note	110.827	0.192708	53	127
note	110.827	0.246094	68	127
note	111.025	0.390625	46	127
note	111.423	0.192708	58	127
note	111.621	0.192708	56	127
note	111.423	0.390625	68	127
note	111.819	0.192708	58	127
note	111.025	1.18229	61	127
note	112.017	0.192708	60	127
note	112.215	0.192708	61	127
note	112.413	0.192708	58	127
note	112.215	0.390625	65	127
note	111.819	0.983073	73	127
note	112.611	0.192708	55	127
note	112.809	0.192708	56	127
note	112.809	0.192708	72	127
note	112.611	0.58724	70	127
note	113.007	0.192708	58	127
note	113.007	0.192708	73	127
note	113.204	0.192708	55	127
note	113.402	0.192708	51	127
note	113.204	0.390625	70	127
note	113.6	0.192708	53	127
note	113.6	0.192708	73	127
note	113.798	0.192708	55	127
note	113.798	0.192708	75	127
note	113.996	0.192708	51	127
note	113.996	0.192708	70	127
note	113.402	0.983073	82	127
note	114.391	0.192708	80	127
note	114.193	0.390625	44	127
note	114.589	0.192708	56	127
note	114.589	0.192708	79	127
note	114.193	0.782552	72	127
note	114.786	0.19401	58	127
note	114.786	0.19401	82	127
note	114.986	0.192708	80	127
note	115.184	0.192708	75	127
note	114.986	0.390625	60	127
note	115.383	0.192708	77	127
note	115.581	0.192708	78	127
note	115.383	0.390625	56	127
note	115.383	0.58724	68	127
note	115.779	0.192708	77	127
note	115.977	0.192708	67	127
note	115.977	0.192708	75	127
note	116.174	0.192708	65	127
note	116.174	0.192708	73	127
note	115.779	0.785156	61	127
note	116.372	0.192708	67	127
note	116.372	0.192708	75	127
note	116.57	0.192708	68	127
note	116.768	0.192708	66	127
note	116.57	0.390625	84	127
note	116.966	0.192708	65	127
note	116.57	0.785156	60	127
note	117.164	0.192708	63	127
note	116.966	0.390625	80	127
note	117.362	0.192708	65	127
note	117.56	0.192708	63	127
note	117.362	0.390625	58	127
note	117.362	0.390625	75	127
note	117.758	0.192708	73	127
note	117.956	0.192708	72	127
note	117.758	0.390625	56	127
note	117.758	0.58724	65	127
note	118.352	0.192708	63	127
note	118.154	0.390625	73	127
note	118.549	0.192708	61	127
note	118.154	0.785156	55	127
note	118.747	0.192708	65	127
note	118.549	0.390625	82	127
note	118.945	0.192708	63	127
note	119.142	0.192708	61	127
note	118.945	0.390625	72	127
note	119.34	0.192708	60	127
note	119.538	0.192708	63	127
note	119.34	0.390625	80	127
note	118.945	0.785156	56	127
note	119.736	0.192708	61	127
note	119.934	0.192708	60	127
note	119.736	0.390625	70	127
note	120.132	0.192708	61	127
note	119.736	0.785156	51	127
note	120.132	0.390625	79	127
note	120.331	0.192708	58	127
note	120.529	0.192708	68	127
note	120.727	0.192708	70	127
note	120.529	0.390625	60	127
note	120.924	0.192708	72	127
note	121.122	0.192708	73	127
note	120.924	0.390625	63	127
note	121.32	0.192708	72	127
note	120.529	1.18099	56	127
note	121.518	0.192708	70	127
note	121.32	0.390625	68	127
note	121.716	0.192708	63	127
note	121.716	0.192708	68	127
note	121.914	0.192708	60	127
note	121.914	0.192708	72	127
note	122.112	0.192708	77	127
note	122.31	0.192708	75	127
note	122.112	0.390625	56	127
note	122.508	0.192708	59	127
note	122.508	0.192708	74	127
note	122.706	0.192708	56	127
note	122.706	0.192708	77	127
note	122.904	0.192708	80	127
note	123.102	0.192708	78	127
note	122.904	0.390625	53	127
note	123.299	0.192708	56	127
note	123.299	0.192708	77	127
note	123.497	0.192708	53	127
note	123.497	0.192708	80	127
note	123.695	0.09375	80	127
note	123.794	0.09375	82	127
note	123.893	0.192708	83	127
note	123.695	0.390625	50	127
note	124.09	0.192708	53	127
note	124.09	0.192708	82	127
note	124.288	0.192708	56	127
note	124.288	0.192708	80	127
note	124.486	0.192708	78	127
note	124.684	0.192708	77	127
note	124.882	0.192708	75	127
note	124.486	0.782552	59	127
note	124.882	0.390625	53	127
note	125.079	0.19401	74	127
note	125.28	0.192708	75	127
note	125.478	0.192708	78	127
note	125.28	0.390625	54	127
note	125.28	0.390625	58	127
note	125.676	0.192708	77	127
note	125.874	0.192708	75	127
note	125.676	0.390625	59	127
note	125.676	0.390625	56	127
note	126.072	0.192708	74	127
note	126.27	0.192708	77	127
note	126.072	0.390625	58	127
note	126.467	0.192708	70	127
note	126.665	0.192708	68	127
note	126.467	0.390625	46	127
note	126.467	0.390625	50	127
note	126.863	0.192708	66	127
note	127.061	0.192708	65	127
note	127.259	0.192708	63	127
note	127.457	0.192708	62	127
note	126.863	0.90625	51	127
note	126.863	0.90625	39	127
note	127.655	0.192708	63	127
note	127.853	0.192708	65	127
note	128.051	0.192708	66	127
note	128.249	0.192708	68	127
note	128.051	0.390625	51	127
note	128.447	0.192708	54	127
note	128.447	0.192708	70	127
note	128.645	0.192708	53	127
note	128.645	0.192708	68	127
note	128.841	0.192708	51	127
note	128.841	0.192708	66	127
note	129.039	0.192708	53	127
note	129.039	0.192708	68	127
note	129.237	0.192708	70	127
note	129.435	0.192708	68	127
note	129.237	0.390625	61	127
note	129.634	0.192708	66	127
note	129.832	0.192708	65	127
note	129.634	0.390625	58	127
note	130.03	0.192708	66	127
note	130.228	0.192708	65	127
note	130.03	0.390625	53	127
note	130.426	0.192708	51	127
note	130.624	0.192708	49	127
note	130.426	0.58724	66	127
note	131.02	0.192708	65	127
note	130.822	0.390625	51	127
note	131.217	0.192708	63	127
note	131.415	0.192708	66	127
note	131.217	0.390625	60	127
note	131.613	0.192708	65	127
note	131.811	0.192708	63	127
note	131.613	0.390625	49	127
note	132.009	0.192708	61	127
note	132.207	0.192708	65	127
note	132.009	0.390625	58	127
note	132.405	0.192708	63	127
note	132.603	0.192708	61	127
note	132.405	0.390625	48	127
note	132.801	0.192708	63	127
note	132.999	0.192708	60	127
note	132.801	0.390625	57	127
note	133.197	0.192708	61	127
note	133.395	0.192708	65	127
note	133.197	0.390625	46	127
note	133.592	0.192708	58	127
note	133.592	0.192708	66	127
note	133.789	0.192708	57	127
note	133.789	0.192708	65	127
note	133.987	0.192708	58	127
note	134.185	0.192708	60	127
note	134.383	0.192708	61	127
note	133.987	0.782552	73	127
note	134.383	0.390625	65	127
note	134.582	0.19401	58	127
note	134.781	0.192708	55	127
note	134.979	0.192708	56	127
note	134.979	0.192708	72	127
note	134.781	0.58724	70	127
note	135.177	0.192708	58	127
note	135.177	0.192708	73	127
note	135.375	0.192708	55	127
note	135.573	0.192708	51	127
note	135.375	0.390625	70	127
note	135.771	0.192708	53	127
note	135.771	0.192708	73	127
note	135.969	0.192708	55	127
note	135.969	0.192708	75	127
note	136.167	0.192708	51	127
note	136.167	0.192708	70	127
note	135.573	0.983073	82	127
note	136.562	0.192708	63	127
note	136.365	0.390625	44	127
note	136.76	0.192708	56	127
note	136.76	0.192708	65	127
note	136.365	0.782552	72	127
note	136.958	0.19401	55	127
note	136.958	0.19401	63	127
note	137.158	0.192708	56	127
note	137.355	0.192708	58	127
note	137.553	0.192708	60	127
note	137.158	0.782552	72	127
note	137.553	0.390625	63	127
note	137.751	0.19401	56	127
note	137.952	0.192708	53	127
note	138.15	0.192708	55	127
note	138.15	0.192708	70	127
note	138.346	0.192708	56	127
note	138.346	0.192708	72	127
note	137.952	0.58724	68	127
note	138.544	0.192708	53	127
note	138.742	0.192708	49	127
note	138.544	0.390625	68	127
note	138.94	0.192708	51	127
note	138.94	0.192708	72	127
note	139.138	0.192708	53	127
note	139.138	0.192708	73	127
note	139.336	0.192708	49	127
note	139.336	0.192708	68	127
note	138.742	0.983073	80	127
note	139.732	0.192708	61	127
note	139.534	0.390625	43	127
note	139.93	0.192708	55	127
note	139.93	0.192708	63	127
note	139.534	0.782552	70	127
note	140.128	0.19401	53	127
note	140.128	0.19401	61	127
note	140.327	0.192708	55	127
note	140.525	0.192708	56	127
note	140.723	0.192708	58	127
note	140.327	0.782552	70	127
note	140.723	0.390625	61	127
note	140.921	0.19401	55	127
note	141.121	0.192708	52	127
note	141.121	0.192708	67	127
note	141.319	0.192708	53	127
note	141.319	0.192708	68	127
note	141.517	0.192708	55	127
note	141.517	0.192708	70	127
note	141.715	0.192708	52	127
note	141.913	0.192708	48	127
note	141.715	0.390625	67	127
note	142.111	0.192708	50	127
note	142.111	0.192708	70	127
note	142.309	0.192708	52	127
note	142.309	0.192708	72	127
note	142.507	0.192708	48	127
note	142.507	0.192708	67	127
note	141.913	0.983073	79	127
note	142.704	0.192708	41	127
note	142.902	0.192708	43	127
note	142.902	0.192708	76	127
note	143.099	0.192708	44	127
note	143.099	0.192708	77	127
note	143.297	0.192708	46	127
note	143.297	0.192708	73	127
note	143.495	0.192708	48	127
note	143.693	0.192708	50	127
note	142.704	1.18099	68	127
note	143.891	0.192708	52	127
note	144.089	0.192708	48	127
note	143.891	0.390625	60	127
note	144.286	0.192708	53	127
note	144.286	0.192708	61	127
note	144.484	0.192708	52	127
note	144.484	0.192708	60	127
note	144.682	0.192708	50	127
note	144.682	0.192708	59	127
note	143.495	1.57682	70	127
note	144.88	0.192708	52	127
note	145.078	0.192708	53	127
note	144.88	0.58724	60	127
note	145.276	0.192708	51	127
note	145.474	0.192708	49	127
note	145.672	0.192708	48	127
note	145.474	0.390625	65	127
note	145.871	0.192708	49	127
note	146.069	0.192708	48	127
note	145.871	0.390625	60	127
note	146.267	0.192708	58	127
note	145.078	1.57682	68	127
note	146.465	0.192708	56	127
note	146.267	0.58724	49	127
note	146.861	0.192708	48	127
note	146.663	0.390625	58	127
note	146.663	0.390625	67	127
note	147.059	0.192708	46	127
note	147.257	0.192708	49	127
note	147.454	0.192708	48	127
note	147.059	0.782552	67	127
note	147.454	0.390625	56	127
note	147.652	0.19401	46	127
note	147.852	0.192708	44	127
note	148.048	0.192708	48	127
note	147.852	0.390625	65	127
note	148.246	0.192708	46	127
note	148.444	0.192708	44	127
note	148.246	0.390625	55	127
note	148.246	0.390625	64	127
note	148.642	0.192708	46	127
note	148.84	0.192708	43	127
note	148.642	0.390625	64	127
note	148.642	0.390625	67	127
note	149.038	0.192708	72	127
note	149.236	0.192708	70	127
note	149.038	0.390625	44	127
note	149.434	0.192708	68	127
note	149.632	0.192708	72	127
note	149.434	0.390625	49	127
note	149.829	0.192708	70	127
note	149.038	1.18099	53	127
note	150.027	0.192708	68	127
note	149.829	0.390625	43	127
note	150.227	0.192708	67	127
note	150.424	0.192708	70	127
note	150.227	0.390625	48	127
note	150.227	0.390625	52	127
note	150.622	0.192708	68	127
note	150.82	0.192708	65	127
note	150.622	0.390625	41	127
note	150.622	0.390625	53	127
note	151.018	0.192708	73	127
note	151.216	0.192708	70	127
note	151.018	0.390625	46	127
note	151.018	0.390625	52	127
note	151.414	0.192708	72	127
note	151.612	0.192708	68	127
note	151.414	0.390625	44	127
note	151.414	0.390625	53	127
note	151.81	0.192708	78	127
note	152.008	0.192708	76	127
note	151.81	0.390625	49	127
note	151.81	0.390625	58	127
note	152.206	0.192708	76	127
note	152.404	0.192708	77	127
note	152.206	0.390625	56	127
note	152.602	0.192708	55	127
note	152.602	0.192708	83	127
note	152.799	0.192708	53	127
note	152.799	0.192708	84	127
note	152.996	0.192708	77	127
note	153.194	0.09375	76	127
note	152.996	0.390625	55	127
note	153.294	0.09375	77	127
note	153.392	0.192708	76	127
note	153.59	0.191406	77	127
note	153.392	0.390625	58	127
note	152.206	1.57682	48	127
note	153.788	0.192708	56	127
note	153.986	0.192708	58	127
note	154.184	0.192708	60	127
note	153.788	0.757812	53	127
note	154.382	0.19401	56	127
note	154.582	0.192708	53	127
note	153.788	1.18229	77	127
note	154.78	0.192708	54	127
note	154.978	0.192708	56	127
note	155.176	0.192708	53	127
note	154.978	0.390625	77	127
note	155.374	0.192708	50	127
note	155.374	0.192708	71	127
note	155.572	0.192708	51	127
note	155.572	0.192708	70	127
note	155.77	0.192708	53	127
note	155.77	0.192708	68	127
note	155.967	0.192708	50	127
note	155.967	0.192708	70	127
note	156.165	0.192708	46	127
note	156.363	0.192708	50	127
note	156.165	0.390625	77	127
note	156.561	0.192708	53	127
note	156.759	0.192708	58	127
note	156.561	0.390625	74	127
note	156.957	0.192708	51	127
note	157.155	0.192708	54	127
note	156.957	0.390625	68	127
note	157.353	0.192708	58	127
note	157.353	0.192708	66	127
note	157.551	0.192708	62	127
note	157.551	0.192708	65	127
note	157.747	0.192708	63	127
note	157.945	0.192708	65	127
note	157.747	0.390625	66	127
note	158.143	0.192708	66	127
note	158.341	0.192708	63	127
note	158.143	0.390625	75	127
note	158.539	0.192708	60	127
note	158.539	0.192708	69	127
note	158.737	0.192708	61	127
note	158.737	0.192708	68	127
note	158.935	0.192708	63	127
note	158.935	0.192708	66	127
note	159.133	0.192708	60	127
note	159.133	0.192708	68	127
note	159.53	0.192708	44	127
note	159.332	0.390625	75	127
note	159.728	0.192708	46	127
note	159.926	0.192708	48	127
note	159.728	0.390625	72	127
note	159.332	0.983073	56	127
note	160.322	0.192708	56	127
note	160.124	0.390625	66	127
note	160.52	0.192708	58	127
note	160.52	0.192708	65	127
note	160.717	0.192708	60	127
note	160.717	0.192708	63	127
note	160.124	0.983073	49	127
note	160.915	0.192708	65	127
note	161.113	0.192708	51	127
note	161.113	0.192708	68	127
note	161.311	0.192708	53	127
note	161.311	0.192708	73	127
note	161.509	0.192708	55	127
note	161.509	0.192708	75	127
note	161.707	0.192708	56	127
note	161.707	0.192708	77	127
note	160.915	0.988281	61	127
note	161.905	0.192708	55	127
note	161.905	0.192708	75	127
note	162.103	0.192708	53	127
note	162.103	0.192708	73	127
note	162.301	0.192708	55	127
note	162.301	0.192708	75	127
note	162.499	0.192708	56	127
note	162.695	0.192708	55	127
note	162.499	0.390625	84	127
note	162.893	0.192708	53	127
note	163.091	0.192708	51	127
note	162.893	0.390625	80	127
note	163.289	0.192708	53	127
note	163.487	0.192708	51	127
note	163.289	0.390625	75	127
note	162.499	1.18229	72	127
note	163.684	0.192708	73	127
note	163.882	0.192708	72	127
note	163.684	0.58724	53	127
note	164.277	0.192708	51	127
note	164.079	0.390625	73	127
note	164.475	0.192708	49	127
note	164.673	0.192708	53	127
note	164.475	0.390625	82	127
note	164.871	0.192708	51	127
note	164.079	1.18099	70	127
note	164.871	0.390625	72	127
note	165.07	0.192708	49	127
note	165.268	0.192708	48	127
note	165.466	0.192708	51	127
note	165.268	0.390625	68	127
note	165.268	0.390625	80	127
note	165.664	0.192708	49	127
note	165.862	0.192708	48	127
note	165.664	0.390625	67	127
note	165.664	0.390625	70	127
note	166.06	0.192708	46	127
note	166.258	0.192708	49	127
note	166.06	0.390625	70	127
note	166.06	0.390625	79	127
note	166.456	0.192708	63	127
note	166.456	0.192708	68	127
note	166.456	0.390625	48	127
note	166.852	0.192708	65	127
note	167.049	0.192708	67	127
note	166.852	0.390625	51	127
note	166.654	0.782552	63	127
note	167.247	0.19401	68	127
note	167.447	0.192708	70	127
note	167.643	0.192708	72	127
note	167.841	0.192708	68	127
note	167.643	0.390625	56	127
note	168.039	0.192708	58	127
note	168.039	0.192708	73	127
note	167.247	1.13411	54	127
note	168.237	0.192708	56	127
note	168.237	0.192708	72	127
note	168.435	0.192708	70	127
note	168.633	0.192708	56	127
note	168.633	0.192708	72	127
note	168.435	0.390625	54	127
note	168.831	0.192708	73	127
note	169.029	0.192708	72	127
note	168.831	0.390625	65	127
note	169.228	0.192708	70	127
note	169.426	0.192708	68	127
note	169.228	0.390625	61	127
note	169.624	0.192708	66	127
note	169.822	0.192708	68	127
note	169.624	0.390625	56	127
note	168.831	1.35156	53	127
note	170.02	0.192708	54	127
note	170.217	0.192708	53	127
note	170.02	0.58724	70	127
note	170.613	0.192708	68	127
note	170.415	0.390625	54	127
note	170.811	0.192708	66	127
note	171.009	0.192708	70	127
note	170.811	0.390625	63	127
note	171.207	0.192708	68	127
note	170.415	1.18099	51	127
note	171.405	0.192708	66	127
note	171.207	0.390625	53	127
note	171.603	0.192708	65	127
note	171.801	0.192708	68	127
note	171.603	0.390625	49	127
note	171.999	0.192708	66	127
note	171.603	0.785156	61	127
note	172.197	0.192708	65	127
note	171.999	0.390625	51	127
note	172.395	0.192708	63	127
note	172.591	0.192708	66	127
note	172.395	0.390625	44	127
note	172.395	0.390625	60	127
note	172.789	0.192708	49	127
note	172.987	0.192708	51	127
note	172.789	0.390625	65	127
note	173.185	0.192708	53	127
note	173.383	0.192708	54	127
note	173.185	0.390625	68	127
note	173.581	0.192708	53	127
note	173.779	0.192708	51	127
note	173.581	0.390625	73	127
note	172.789	1.18229	61	127
note	173.975	0.192708	49	127
note	173.975	0.192708	80	127
note	174.173	0.192708	53	127
note	174.173	0.192708	77	127
note	174.371	0.192708	58	127
note	174.569	0.192708	56	127
note	174.371	0.390625	73	127
note	174.767	0.192708	55	127
note	174.767	0.192708	76	127
note	174.966	0.192708	58	127
note	174.966	0.192708	73	127
note	175.164	0.192708	61	127
note	175.362	0.192708	59	127
note	175.164	0.390625	70	127
note	175.56	0.192708	58	127
note	175.56	0.192708	73	127
note	175.758	0.192708	61	127
note	175.758	0.192708	70	127
note	175.956	0.09375	61	127
note	176.053	0.09375	63	127
note	176.154	0.192708	64	127
note	175.956	0.390625	67	127
note	176.352	0.192708	63	127
note	176.352	0.192708	70	127
note	176.549	0.192708	61	127
note	176.549	0.192708	73	127
note	176.747	0.192708	59	127
note	176.945	0.192708	58	127
note	177.143	0.192708	56	127
note	176.747	0.785156	76	127
note	177.341	0.192708	55	127
note	177.143	0.390625	73	127
note	177.539	0.192708	56	127
note	177.736	0.192708	59	127
note	177.539	0.390625	75	127
note	177.934	0.192708	58	127
note	178.132	0.192708	56	127
note	177.934	0.390625	80	127
note	177.539	0.785156	71	127
note	178.329	0.192708	55	127
note	178.527	0.192708	52	127
note	178.329	0.390625	73	127
note	178.725	0.192708	51	127
note	178.329	0.785156	70	127
note	178.923	0.192708	49	127
note	178.725	0.390625	79	127
note	179.121	0.192708	47	127
note	179.319	0.192708	49	127
note	179.517	0.192708	51	127
note	179.517	0.192708	80	127
note	179.715	0.192708	47	127
note	179.715	0.192708	79	127
note	179.914	0.192708	80	127
note	179.121	0.988281	68	127
note	180.112	0.192708	82	127
note	179.914	0.390625	44	127
note	180.31	0.192708	56	127
note	180.31	0.192708	83	127
note	180.508	0.192708	53	127
note	180.508	0.192708	80	127
note	180.706	0.246094	77	127
note	180.904	0.192708	78	127
note	180.706	0.390625	49	127
note	181.102	0.192708	59	127
note	181.102	0.192708	80	127
note	181.299	0.192708	56	127
note	181.299	0.192708	77	127
note	181.497	0.246094	73	127
note	181.695	0.192708	75	127
note	181.497	0.390625	53	127
note	181.893	0.192708	49	127
note	181.893	0.192708	77	127
note	182.091	0.192708	46	127
note	182.091	0.192708	73	127
note	182.289	0.246094	70	127
note	182.487	0.192708	72	127
note	182.289	0.390625	42	127
note	182.684	0.192708	58	127
note	182.684	0.192708	73	127
note	182.882	0.192708	54	127
note	182.882	0.192708	70	127
note	183.079	0.246094	78	127
note	183.277	0.192708	80	127
note	183.079	0.390625	51	127
note	183.475	0.192708	54	127
note	183.475	0.192708	82	127
note	183.673	0.192708	51	127
note	183.673	0.192708	78	127
note	183.871	0.246094	75	127
note	184.069	0.192708	77	127
note	183.871	0.390625	48	127
note	184.267	0.192708	58	127
note	184.267	0.192708	78	127
note	184.465	0.192708	54	127
note	184.465	0.192708	75	127
note	184.663	0.246094	72	127
note	184.663	0.390625	51	127
note	184.862	0.192708	73	127
note	185.06	0.192708	48	127
note	185.06	0.192708	75	127
note	185.258	0.192708	44	127
note	185.258	0.192708	72	127
note	185.456	0.246094	68	127
note	185.654	0.192708	70	127
note	185.456	0.390625	41	127
note	185.852	0.192708	56	127
note	185.852	0.192708	72	127
note	186.049	0.192708	53	127
note	186.049	0.192708	68	127
note	186.247	0.246094	77	127
note	186.445	0.192708	78	127
note	186.247	0.390625	50	127
note	186.643	0.192708	53	127
note	186.643	0.192708	80	127
note	186.841	0.192708	50	127
note	186.841	0.192708	77	127
note	187.039	0.246094	74	127
note	187.237	0.192708	75	127
note	187.039	0.390625	46	127
note	187.435	0.192708	56	127
note	187.435	0.192708	77	127
note	187.632	0.192708	53	127
note	187.632	0.192708	74	127
note	187.829	0.246094	70	127
note	188.027	0.192708	72	127
note	187.829	0.390625	50	127
note	188.225	0.192708	46	127
note	188.225	0.192708	74	127
note	188.423	0.192708	42	127
note	188.423	0.192708	70	127
note	188.621	0.246094	66	127
note	188.819	0.192708	68	127
note	188.621	0.390625	39	127
note	189.017	0.192708	54	127
note	189.017	0.192708	70	127
note	189.215	0.192708	51	127
note	189.215	0.192708	66	127
note	189.413	0.246094	75	127
note	189.611	0.192708	77	127
note	189.413	0.390625	48	127
note	189.81	0.192708	51	127
note	189.81	0.192708	78	127
note	190.008	0.192708	48	127
note	190.008	0.192708	75	127
note	190.206	0.246094	72	127
note	190.404	0.192708	73	127
note	190.206	0.390625	44	127
note	190.602	0.192708	54	127
note	190.602	0.192708	75	127
note	190.799	0.192708	51	127
note	190.799	0.192708	72	127
note	190.997	0.246094	68	127
note	191.195	0.192708	70	127
note	190.997	0.390625	48	127
note	191.393	0.192708	44	127
note	191.393	0.192708	72	127
note	191.591	0.192708	41	127
note	191.591	0.192708	68	127
note	191.789	0.192708	65	127
note	191.987	0.192708	66	127
note	192.185	0.192708	68	127
note	192.383	0.192708	65	127
note	192.579	0.192708	61	127
note	192.777	0.192708	65	127
note	191.789	1.18229	37	127
note	192.974	0.192708	68	127
note	193.172	0.192708	70	127
note	193.37	0.192708	71	127
note	193.568	0.192708	70	127
note	193.766	0.192708	59	127
note	193.766	0.192708	68	127
note	193.964	0.192708	49	127
note	193.964	0.192708	70	127
note	194.161	0.192708	58	127
note	194.359	0.192708	49	127
note	194.161	0.390625	78	127
note	194.557	0.192708	56	127
note	194.755	0.192708	49	127
note	194.557	0.390625	73	127
note	194.953	0.192708	54	127
note	195.151	0.192708	49	127
note	194.953	0.390625	70	127
note	195.35	0.192708	53	127
note	195.35	0.192708	68	127
note	195.548	0.192708	51	127
note	195.548	0.192708	66	127
note	195.746	0.192708	68	127
note	195.944	0.192708	61	127
note	195.746	0.390625	53	127
note	196.142	0.192708	65	127
note	196.34	0.192708	68	127
note	196.142	0.390625	44	127
note	196.538	0.192708	70	127
note	196.736	0.192708	68	127
note	196.934	0.192708	58	127
note	196.934	0.192708	66	127
note	197.132	0.192708	49	127
note	197.132	0.192708	68	127
note	197.329	0.192708	56	127
note	197.526	0.192708	49	127
note	197.329	0.390625	77	127
note	197.724	0.192708	54	127
note	197.922	0.192708	49	127
note	197.724	0.390625	73	127
note	198.12	0.192708	53	127
note	198.318	0.192708	49	127
note	198.12	0.390625	68	127
note	198.516	0.192708	51	127
note	198.516	0.192708	66	127
note	198.714	0.192708	49	127
note	198.714	0.192708	65	127
note	198.911	0.192708	66	127
note	199.109	0.192708	60	127
note	198.911	0.390625	51	127
note	199.307	0.192708	63	127
note	199.505	0.192708	66	127
note	199.307	0.576823	44	127
note	199.703	0.19401	68	127
note	199.904	0.192708	66	127
note	200.102	0.192708	56	127
note	200.102	0.192708	65	127
note	200.299	0.192708	44	127
note	200.299	0.192708	66	127
note	200.497	0.192708	54	127
note	200.695	0.192708	44	127
note	200.497	0.390625	75	127
note	200.893	0.192708	53	127
note	201.091	0.192708	44	127
note	200.893	0.390625	72	127
note	201.289	0.246094	51	127
note	201.487	0.192708	44	127
note	201.289	0.390625	66	127
note	201.685	0.192708	49	127
note	201.685	0.192708	65	127
note	201.883	0.192708	48	127
note	201.883	0.192708	63	127
note	202.081	0.192708	65	127
note	202.081	0.328125	49	127
note	202.279	0.19401	44	127
note	202.279	0.19401	68	127
note	202.477	0.192708	53	127
note	202.477	0.192708	70	127
note	202.674	0.192708	51	127
note	202.674	0.192708	72	127
note	202.872	0.192708	73	127
note	203.07	0.192708	44	127
note	203.07	0.192708	75	127
note	202.872	0.390625	53	127
note	203.268	0.192708	56	127
note	203.268	0.192708	77	127
note	203.466	0.192708	54	127
note	203.466	0.192708	75	127
note	203.664	0.192708	78	127
note	203.664	0.328125	56	127
note	203.863	0.19401	44	127
note	203.863	0.19401	77	127
note	204.062	0.192708	75	127
note	204.062	0.328125	58	127
note	204.26	0.19401	44	127
note	204.26	0.19401	73	127
note	204.46	0.192708	60	127
note	204.46	0.192708	79	127
note	204.658	0.09375	80	127
note	204.755	0.09375	82	127
note	204.658	0.192708	61	127
note	204.855	0.09375	80	127
note	204.954	0.09375	82	127
note	204.855	0.192708	63	127
note	205.053	0.09375	80	127
note	205.152	0.09375	82	127
note	205.053	0.192708	60	127
note	205.251	0.09375	80	127
note	205.35	0.09375	82	127
note	205.251	0.192708	56	127
note	205.449	0.09375	80	127
note	205.548	0.09375	82	127
note	205.449	0.192708	60	127
note	205.647	0.09375	80	127
note	205.746	0.09375	82	127
note	205.647	0.192708	63	127
note	205.845	0.192708	65	127
note	206.043	0.192708	66	127
note	205.845	0.390625	80	127
note	206.241	0.192708	65	127
note	206.241	0.192708	80	127
note	206.439	0.192708	63	127
note	206.439	0.192708	78	127
note	206.637	0.192708	65	127
note	206.637	0.192708	80	127
note	206.835	0.246094	77	127
note	207.031	0.192708	80	127
note	206.835	0.390625	73	127
note	207.229	0.246094	75	127
note	207.229	0.390625	68	127
note	207.428	0.192708	80	127
note	207.626	0.192708	73	127
note	207.824	0.192708	80	127
note	207.626	0.390625	65	127
note	208.022	0.192708	63	127
note	208.022	0.192708	72	127
note	208.22	0.192708	61	127
note	208.22	0.192708	70	127
note	208.418	0.192708	63	127
note	208.418	0.192708	72	127
note	208.616	0.192708	56	127
note	208.616	0.192708	75	127
note	208.814	0.192708	60	127
note	208.814	0.192708	77	127
note	209.012	0.192708	63	127
note	209.012	0.192708	78	127
note	209.21	0.192708	65	127
note	209.21	0.192708	80	127
note	209.408	0.192708	63	127
note	209.408	0.192708	78	127
note	209.605	0.192708	61	127
note	209.605	0.192708	77	127
note	209.803	0.192708	63	127
note	209.803	0.192708	80	127
note	210.001	0.246094	75	127
note	210.199	0.192708	80	127
note	210.001	0.390625	72	127
note	210.397	0.246094	73	127
note	210.595	0.192708	80	127
note	210.397	0.390625	68	127
note	210.793	0.192708	72	127
note	210.991	0.192708	80	127
note	210.793	0.390625	63	127
note	211.189	0.192708	61	127
note	211.189	0.192708	70	127
note	211.387	0.192708	60	127
note	211.387	0.192708	68	127
note	211.585	0.192708	61	127
note	211.585	0.192708	70	127
note	211.783	0.192708	56	127
note	211.783	0.192708	73	127
note	211.979	0.192708	60	127
note	211.979	0.192708	75	127
note	212.177	0.192708	61	127
note	212.177	0.192708	77	127
note	212.376	0.192708	63	127
note	212.376	0.192708	78	127
note	212.574	0.192708	61	127
note	212.574	0.192708	77	127
note	212.772	0.192708	60	127
note	212.772	0.192708	75	127
note	212.97	0.192708	61	127
note	212.97	0.192708	77	127
note	213.168	0.246094	73	127
note	213.366	0.192708	77	127
note	213.168	0.390625	70	127
note	213.564	0.246094	72	127
note	213.762	0.192708	77	127
note	213.564	0.390625	67	127
note	213.96	0.192708	70	127
note	214.158	0.192708	77	127
note	213.96	0.390625	61	127
note	214.355	0.192708	60	127
note	214.355	0.192708	68	127
note	214.553	0.192708	58	127
note	214.553	0.192708	67	127
note	214.751	0.192708	60	127
note	214.751	0.192708	68	127
note	214.949	0.192708	56	127
note	214.949	0.192708	72	127
note	215.147	0.192708	58	127
note	215.147	0.192708	73	127
note	215.345	0.192708	60	127
note	215.345	0.192708	75	127
note	215.543	0.192708	61	127
note	215.543	0.192708	77	127
note	215.741	0.192708	63	127
note	215.741	0.192708	78	127
note	215.939	0.192708	65	127
note	215.939	0.192708	80	127
note	216.137	0.192708	63	127
note	216.137	0.192708	82	127
note	216.335	0.192708	66	127
note	216.335	0.286458	72	127
note	216.533	0.192708	65	127
note	216.73	0.192708	63	127
note	216.927	0.192708	61	127
note	216.73	0.390625	68	127
note	217.125	0.192708	70	127
note	217.125	0.390625	66	127
note	217.324	0.192708	68	127
note	217.522	0.192708	58	127
note	217.522	0.192708	66	127
note	217.72	0.192708	60	127
note	217.72	0.192708	68	127
note	217.918	0.192708	61	127
note	218.116	0.192708	60	127
note	217.918	0.390625	77	127
note	218.314	0.192708	58	127
note	218.512	0.192708	56	127
note	218.314	0.390625	73	127
note	218.71	0.09375	70	127
note	218.809	0.09375	68	127
note	218.908	0.09375	70	127
note	219.007	0.09375	68	127
note	219.105	0.192708	66	127
note	219.303	0.192708	65	127
note	218.71	0.983073	58	127
note	219.699	0.192708	56	127
note	219.501	0.390625	66	127
note	219.897	0.192708	54	127
note	220.095	0.192708	58	127
note	219.897	0.390625	75	127
note	220.293	0.192708	56	127
note	220.491	0.192708	54	127
note	220.293	0.390625	65	127
note	220.689	0.192708	53	127
note	220.887	0.192708	56	127
note	220.689	0.390625	73	127
note	221.085	0.192708	54	127
note	221.283	0.192708	53	127
note	221.085	0.390625	63	127
note	221.48	0.192708	54	127
note	221.678	0.192708	51	127
note	221.48	0.390625	72	127
note	221.875	0.390625	61	127
note	221.875	0.588542	53	127
note	222.273	0.192708	73	127
note	222.471	0.192708	56	127
note	222.471	0.192708	72	127
note	222.669	0.192708	58	127
note	222.669	0.192708	73	127
note	222.867	0.192708	60	127
note	222.867	0.192708	75	127
note	223.065	0.192708	77	127
note	223.263	0.192708	63	127
note	223.263	0.192708	78	127
note	223.461	0.192708	65	127
note	223.461	0.192708	80	127
note	223.065	0.763021	61	127
note	223.659	0.192708	63	127
note	223.659	0.192708	78	127
note	223.857	0.192708	77	127
note	224.055	0.192708	63	127
note	224.055	0.192708	78	127
note	223.857	0.390625	61	127
note	224.253	0.192708	80	127
note	224.451	0.192708	78	127
note	224.253	0.390625	72	127
note	224.648	0.192708	77	127
note	224.846	0.192708	75	127
note	224.648	0.390625	68	127
note	225.044	0.09375	65	127
note	225.143	0.09375	63	127
note	225.242	0.09375	65	127
note	225.341	0.09375	63	127
note	224.253	1.33854	60	127
note	225.44	0.192708	61	127
note	225.638	0.192708	60	127
note	225.044	0.983073	77	127
note	226.034	0.192708	75	127
note	225.836	0.390625	61	127
note	226.232	0.192708	73	127
note	226.43	0.192708	77	127
note	226.232	0.390625	70	127
note	226.628	0.192708	75	127
note	225.836	1.18099	58	127
note	226.826	0.192708	73	127
note	226.628	0.390625	60	127
note	227.023	0.192708	72	127
note	227.221	0.192708	75	127
note	227.023	0.390625	56	127
note	227.419	0.192708	73	127
note	227.023	0.785156	68	127
note	227.617	0.192708	72	127
note	227.419	0.390625	58	127
note	227.815	0.192708	73	127
note	228.013	0.192708	70	127
note	227.815	0.390625	51	127
note	227.815	0.390625	67	127
note	228.211	0.390625	72	127
note	228.608	0.192708	68	127
note	228.806	0.192708	66	127
note	228.608	0.390625	75	127
note	229.004	0.192708	68	127
note	228.211	1.18229	56	127
note	229.202	0.192708	70	127
note	229.4	0.192708	72	127
note	229.598	0.192708	68	127
note	229.4	0.390625	56	127
note	229.796	0.192708	58	127
note	229.796	0.192708	73	127
note	229.993	0.192708	56	127
note	229.993	0.192708	72	127
note	230.191	0.192708	54	127
note	230.191	0.192708	70	127
note	229.004	1.57682	78	127
note	230.389	0.192708	56	127
note	230.389	0.192708	72	127
note	230.587	0.192708	73	127
note	230.587	0.390625	65	127
note	230.786	0.192708	72	127
note	230.984	0.192708	70	127
note	231.182	0.192708	68	127
note	230.984	0.390625	61	127
note	231.38	0.192708	58	127
note	231.577	0.192708	56	127
note	231.775	0.192708	54	127
note	230.587	1.57682	77	127
note	231.973	0.192708	53	127
note	231.38	0.983073	70	127
note	232.368	0.192708	68	127
note	232.171	0.390625	54	127
note	232.566	0.192708	66	127
note	232.764	0.192708	70	127
note	232.566	0.390625	63	127
note	232.962	0.192708	68	127
note	232.171	1.18099	75	127
note	233.16	0.192708	66	127
note	232.962	0.390625	53	127
note	233.358	0.192708	65	127
note	233.556	0.192708	68	127
note	233.358	0.390625	61	127
note	233.358	0.390625	73	127
note	233.754	0.192708	66	127
note	233.952	0.192708	65	127
note	233.754	0.390625	51	127
note	233.754	0.390625	72	127
note	234.15	0.192708	66	127
note	234.348	0.192708	63	127
note	234.15	0.390625	60	127
note	234.546	0.195312	49	127
note	234.15	0.791667	75	127
note	234.747	0.195312	44	127
note	234.948	0.195312	49	127
note	235.148	0.195312	51	127
note	234.948	0.395833	68	127
note	235.35	0.195312	53	127
note	235.549	0.195312	54	127
note	235.35	0.395833	73	127
note	235.75	0.195312	56	127
note	235.75	0.395833	71	127
note	235.952	0.195312	53	127
note	234.546	1.60286	65	127
note	236.151	0.195312	54	127
note	236.352	0.195312	42	127
note	236.552	0.195312	54	127
note	236.552	0.395833	61	127
note	236.754	0.195312	53	127
note	236.954	0.195312	54	127
note	237.155	0.195312	56	127
note	236.954	0.395833	66	127
note	237.357	0.195312	58	127
note	237.557	0.195312	54	127
note	237.357	0.395833	65	127
note	236.151	1.60286	70	127
note	237.757	0.195312	51	127
note	237.956	0.195312	53	127
note	238.158	0.195312	54	127
note	238.158	0.195312	70	127
note	237.757	0.596354	66	127
note	238.358	0.195312	51	127
note	238.559	0.195312	48	127
note	238.358	0.596354	66	127
note	238.76	0.195312	49	127
note	238.559	0.596354	63	127
note	238.961	0.195312	51	127
note	238.961	0.195312	66	127
note	239.161	0.195312	48	127
note	239.161	0.596354	63	127
note	239.363	0.395833	41	127
note	239.764	0.195312	53	127
note	239.764	0.395833	63	127
note	239.966	0.195312	51	127
note	240.167	0.195312	53	127
note	240.366	0.195312	54	127
note	239.363	1.19922	56	127
note	240.568	0.195312	56	127
note	240.768	0.195312	53	127
note	240.568	0.395833	60	127
note	240.969	0.195312	50	127
note	241.171	0.195312	51	127
note	240.167	1.19922	68	127
note	240.969	0.596354	65	127
note	241.371	0.195312	53	127
note	241.371	0.195312	68	127
note	241.572	0.195312	50	127
note	241.773	0.195312	46	127
note	241.572	0.596354	65	127
note	241.974	0.195312	48	127
note	242.174	0.195312	50	127
note	242.174	0.195312	65	127
note	241.773	0.596354	62	127
note	242.375	0.195312	46	127
note	242.375	0.195312	62	127
note	242.577	0.395833	39	127
note	242.577	0.395833	54	127
note	242.977	0.195312	51	127
note	242.977	0.395833	58	127
note	243.178	0.195312	50	127
note	243.379	0.195312	51	127
note	243.579	0.195312	53	127
note	243.781	0.195312	54	127
note	243.982	0.195312	51	127
note	243.781	0.395833	58	127
note	244.182	0.195312	48	127
note	243.379	0.998698	66	127
note	244.384	0.195312	49	127
note	244.384	0.195312	65	127
note	244.182	0.596354	63	127
note	244.585	0.195312	51	127
note	244.585	0.195312	66	127
note	244.785	0.195312	48	127
note	244.785	0.395833	63	127
note	244.987	0.195312	44	127
note	245.186	0.195312	46	127
note	245.186	0.195312	66	127
note	245.387	0.195312	48	127
note	245.387	0.195312	68	127
note	245.589	0.195312	44	127
note	245.589	0.195312	63	127
note	244.987	0.998698	75	127
note	245.99	0.195312	73	127
note	245.789	0.395833	37	127
note	246.191	0.195312	49	127
note	246.191	0.195312	72	127
note	246.392	0.195312	51	127
note	246.392	0.195312	75	127
note	246.592	0.195312	73	127
note	245.789	1.0026	65	127
note	246.592	0.395833	53	127
note	246.794	0.195312	68	127
note	246.995	0.195312	70	127
note	247.195	0.195312	71	127
note	246.995	0.395833	49	127
note	247.396	0.197917	70	127
note	246.995	0.598958	61	127
note	247.599	0.197917	60	127
note	247.599	0.197917	68	127
note	247.803	0.197917	58	127
note	247.803	0.197917	66	127
note	248.007	0.197917	60	127
note	248.007	0.197917	68	127
note	247.396	0.808594	54	127
note	248.211	0.197917	61	127
note	248.414	0.197917	60	127
note	248.211	0.401042	77	127
note	248.618	0.197917	58	127
note	248.618	0.401042	73	127
note	248.211	0.808594	53	127
note	248.823	0.197917	56	127
note	249.025	0.401042	51	127
note	249.025	0.401042	68	127
note	249.432	0.197917	66	127
note	249.432	0.401042	49	127
note	249.637	0.197917	65	127
note	249.025	1.01302	58	127
note	250.044	0.197917	56	127
note	249.841	0.401042	66	127
note	250.249	0.197917	54	127
note	250.452	0.197917	58	127
note	250.249	0.401042	75	127
note	249.841	0.808594	48	127
note	250.655	0.200521	56	127
note	250.862	0.200521	54	127
note	250.655	0.407552	65	127
note	251.069	0.200521	53	127
note	251.276	0.200521	56	127
note	251.069	0.407552	73	127
note	250.655	0.821615	49	127
note	251.483	0.200521	54	127
note	251.689	0.200521	53	127
note	251.483	0.407552	63	127
note	251.895	0.200521	51	127
note	252.102	0.200521	54	127
note	251.895	0.407552	72	127
note	251.483	0.821615	44	127
note	252.329	0.207031	61	127
note	252.329	0.207031	53	127
note	252.542	0.207031	65	127
note	252.542	0.207031	56	127
note	252.329	0.419271	46	127
note	252.754	0.207031	66	127
note	252.754	0.207031	58	127
note	252.966	0.207031	68	127
note	252.966	0.207031	60	127
note	253.18	0.207031	70	127
note	253.18	0.207031	61	127
note	253.391	0.207031	72	127
note	253.391	0.207031	60	127
note	253.604	0.207031	73	127
note	253.604	0.207031	58	127
note	253.816	0.207031	75	127
note	253.816	0.207031	56	127
note	254.03	0.207031	76	127
note	254.03	0.207031	55	127
note	254.241	0.207031	75	127
note	254.241	0.207031	56	127
note	254.454	0.207031	73	127
note	254.454	0.207031	58	127
note	254.667	0.207031	75	127
note	254.667	0.207031	55	127
note	254.879	0.207031	76	127
note	255.091	0.207031	79	127
note	255.091	0.207031	49	127
note	255.303	0.207031	80	127
note	255.303	0.207031	48	127
note	255.517	0.207031	82	127
note	255.517	0.207031	46	127
note	254.879	1.06641	51	127
note	255.749	0.217448	73	127
note	255.973	0.217448	51	127
note	255.973	0.217448	72	127
note	256.194	0.217448	53	127
note	256.194	0.217448	70	127
note	256.417	0.217448	54	127
note	256.417	0.217448	68	127
note	256.641	0.217448	56	127
note	255.749	1.11198	44	127
note	256.862	0.217448	58	127
note	256.641	0.440104	75	127
note	257.086	0.217448	60	127
note	257.307	0.217448	56	127
note	257.086	0.440104	66	127
note	257.531	0.579427	61	127
note	257.531	0.579427	65	127
note	258.117	0.579427	41	127
note	258.117	0.579427	61	127
note	258.117	0.579427	73	127
note	258.117	0.579427	68	127
note	258.703	0.579427	42	127
note	258.703	0.579427	63	127
note	258.703	0.579427	70	127
note	259.29	0.658854	44	127
note	259.29	0.658854	72	127
note	259.29	0.658854	66	127
note	259.29	0.658854	68	127
note	259.97	4.61979	65	127
note	259.97	4.61979	68	127
note	259.97	4.61979	73	127
note	259.97	4.61979	61	127
note	259.97	4.61979	49	127
note	259.97	4.61979	37	127
