note	0.238281	0.13151	55	127
note	0.238281	0.13151	63	127
note	0.393229	0.13151	53	127
note	0.393229	0.13151	62	127
note	0.548177	0.13151	55	127
note	0.548177	0.13151	63	127
note	0.858073	0.13151	55	127
note	0.858073	0.13151	63	127
note	1.01302	0.13151	53	127
note	1.01302	0.13151	62	127
note	0.703125	0.59375	51	127
note	0.703125	0.59375	60	127
note	1.16797	0.13151	55	127
note	1.16797	0.13151	63	127
note	0.0833333	1.22656	48	127
note	0.0833333	1.22656	72	127
note	1.47786	0.13151	55	127
note	1.47786	0.13151	63	127
note	1.63281	0.13151	53	127
note	1.63281	0.13151	62	127
note	1.78776	0.13151	55	127
note	1.78776	0.13151	63	127
note	2.09766	0.13151	55	127
note	2.09766	0.13151	63	127
note	2.2526	0.13151	53	127
note	2.2526	0.13151	62	127
note	1.94271	0.59375	51	127
note	1.94271	0.59375	60	127
note	2.40755	0.13151	55	127
note	2.40755	0.13151	63	127
note	1.32292	1.22656	48	127
note	1.32292	1.22656	72	127
note	2.71745	0.13151	56	127
note	2.71745	0.13151	65	127
note	2.8724	0.13151	55	127
note	2.8724	0.13151	64	127
note	3.02734	0.13151	56	127
note	3.02734	0.13151	65	127
note	3.33724	0.13151	56	127
note	3.33724	0.13151	65	127
note	3.49219	0.13151	55	127
note	3.49219	0.13151	64	127
note	3.18229	0.59375	53	127
note	3.18229	0.59375	60	127
note	3.64714	0.13151	56	127
note	3.64714	0.13151	65	127
note	2.5625	1.22656	48	127
note	2.5625	1.22656	68	127
note	3.95833	0.13151	56	127
note	3.95833	0.13151	65	127
note	4.11328	0.13151	55	127
note	4.11328	0.13151	64	127
note	4.26823	0.13151	56	127
note	4.26823	0.13151	65	127
note	4.57812	0.13151	56	127
note	4.57812	0.13151	65	127
note	4.73307	0.13151	55	127
note	4.73307	0.13151	64	127
note	4.42318	0.59375	53	127
note	4.42318	0.59375	60	127
note	4.88802	0.13151	56	127
note	4.88802	0.13151	65	127
note	3.80208	1.22656	48	127
note	3.80208	1.22656	68	127
note	5.19792	0.13151	56	127
note	5.19792	0.13151	65	127
note	5.35286	0.13151	55	127
note	5.35286	0.13151	63	127
note	5.50781	0.13151	56	127
note	5.50781	0.13151	65	127
note	5.81771	0.13151	56	127
note	5.81771	0.13151	65	127
note	5.97266	0.13151	55	127
note	5.97266	0.13151	63	127
note	5.66276	0.59375	53	127
note	5.66276	0.59375	62	127
note	6.1276	0.13151	56	127
note	6.1276	0.13151	65	127
note	5.04297	1.22656	48	127
note	5.04297	1.22656	71	127
note	6.4375	0.13151	56	127
note	6.4375	0.13151	65	127
note	6.59245	0.13151	55	127
note	6.59245	0.13151	63	127
note	6.7474	0.13151	56	127
note	6.7474	0.13151	65	127
note	7.05729	0.13151	56	127
note	7.05729	0.13151	65	127
note	7.21224	0.13151	55	127
note	7.21224	0.13151	63	127
note	6.90234	0.59375	53	127
note	6.90234	0.59375	62	127
note	7.36719	0.13151	56	127
note	7.36719	0.13151	65	127
note	6.28255	1.22656	48	127
note	6.28255	1.22656	71	127
note	7.67708	0.13151	51	127
note	7.67708	0.13151	67	127
note	7.83333	0.13151	50	127
note	7.83333	0.13151	65	127
note	7.98828	0.13151	51	127
note	7.98828	0.13151	67	127
note	8.29818	0.13151	51	127
note	8.29818	0.13151	67	127
note	8.45312	0.13151	50	127
note	8.45312	0.13151	65	127
note	8.14323	0.59375	55	127
note	8.14323	0.59375	63	127
note	8.60807	0.13151	51	127
note	8.60807	0.13151	67	127
note	7.52214	1.22656	48	127
note	7.52214	1.22656	72	127
note	8.91797	0.13151	51	127
note	8.91797	0.13151	67	127
note	9.07292	0.13151	50	127
note	9.07292	0.13151	65	127
note	9.22786	0.13151	51	127
note	9.22786	0.13151	67	127
note	9.53776	0.13151	51	127
note	9.53776	0.13151	67	127
note	9.38281	0.364583	55	127
note	9.38281	0.364583	63	127
note	9.69271	0.13151	50	127
note	9.69271	0.13151	65	127
note	9.84766	0.13151	51	127
note	9.84766	0.13151	67	127
note	8.76302	1.22656	48	127
note	8.76302	1.22656	72	127
note	10.1576	0.13151	60	127
note	10.1576	0.13151	68	127
note	10.3125	0.13151	58	127
note	10.3125	0.13151	67	127
note	10.4674	0.13151	60	127
note	10.4674	0.13151	68	127
note	10.7773	0.13151	60	127
note	10.7773	0.13151	68	127
note	10.9323	0.13151	58	127
note	10.9323	0.13151	67	127
note	10.6224	0.59375	56	127
note	10.6224	0.59375	63	127
note	11.0872	0.13151	60	127
note	11.0872	0.13151	68	127
note	10.0026	1.22656	48	127
note	10.0026	1.22656	75	127
note	11.3971	0.13151	60	127
note	11.3971	0.13151	68	127
note	11.5521	0.13151	58	127
note	11.5521	0.13151	67	127
note	11.7083	0.13151	60	127
note	11.7083	0.13151	68	127
note	12.0182	0.13151	60	127
note	12.0182	0.13151	68	127
note	12.1732	0.13151	58	127
note	12.1732	0.13151	67	127
note	11.8633	0.59375	56	127
note	11.8633	0.59375	63	127
note	12.3281	0.13151	60	127
note	12.3281	0.13151	68	127
note	11.2422	1.22656	48	127
note	11.2422	1.22656	75	127
note	12.638	0.13151	57	127
note	12.638	0.13151	66	127
note	12.793	0.13151	55	127
note	12.793	0.13151	64	127
note	12.9479	0.13151	57	127
note	12.9479	0.13151	66	127
note	13.2578	0.13151	57	127
note	13.2578	0.13151	66	127
note	13.4128	0.13151	55	127
note	13.4128	0.13151	64	127
note	13.1029	0.59375	54	127
note	13.1029	0.59375	62	127
note	13.5677	0.13151	57	127
note	13.5677	0.13151	66	127
note	12.4831	1.22656	48	127
note	12.4831	1.22656	74	127
note	13.8776	0.13151	57	127
note	13.8776	0.13151	66	127
note	14.0326	0.13151	55	127
note	14.0326	0.13151	64	127
note	14.1875	0.13151	57	127
note	14.1875	0.13151	66	127
note	14.4974	0.13151	57	127
note	14.4974	0.13151	66	127
note	14.6523	0.13151	55	127
note	14.6523	0.13151	64	127
note	14.3424	0.59375	54	127
note	14.3424	0.59375	62	127
note	14.8073	0.13151	57	127
note	14.8073	0.13151	66	127
note	13.7227	1.22656	48	127
note	13.7227	1.22656	74	127
note	15.1172	0.13151	58	127
note	15.1172	0.13151	67	127
note	15.2721	0.13151	57	127
note	15.2721	0.13151	66	127
note	15.4271	0.13151	58	127
note	15.4271	0.13151	67	127
note	15.7383	0.13151	58	127
note	15.7383	0.13151	67	127
note	15.8932	0.13151	57	127
note	15.8932	0.13151	66	127
note	15.5833	0.59375	55	127
note	15.5833	0.59375	62	127
note	16.0482	0.13151	58	127
note	16.0482	0.13151	67	127
note	14.9622	1.22656	46	127
note	14.9622	1.22656	74	127
note	16.3581	0.13151	58	127
note	16.3581	0.13151	67	127
note	16.513	0.13151	57	127
note	16.513	0.13151	66	127
note	16.668	0.13151	58	127
note	16.668	0.13151	67	127
note	16.9779	0.13151	58	127
note	16.9779	0.13151	67	127
note	17.1328	0.13151	57	127
note	17.1328	0.13151	66	127
note	16.8229	0.59375	55	127
note	16.8229	0.59375	62	127
note	17.2878	0.13151	58	127
note	17.2878	0.13151	67	127
note	16.2031	1.22656	46	127
note	16.2031	1.22656	74	127
note	17.5977	0.13151	55	127
note	17.5977	0.13151	64	127
note	17.7526	0.13151	53	127
note	17.7526	0.13151	62	127
note	17.9076	0.13151	55	127
note	17.9076	0.13151	64	127
note	18.2174	0.13151	55	127
note	18.2174	0.13151	64	127
note	18.3724	0.13151	53	127
note	18.3724	0.13151	62	127
note	18.0625	0.59375	52	127
note	18.0625	0.59375	60	127
note	18.5273	0.13151	55	127
note	18.5273	0.13151	64	127
note	17.4427	1.22656	46	127
note	17.4427	1.22656	72	127
note	18.8372	0.13151	55	127
note	18.8372	0.13151	64	127
note	18.9922	0.13151	53	127
note	18.9922	0.13151	62	127
note	19.1471	0.13151	55	127
note	19.1471	0.13151	64	127
note	19.4583	0.13151	55	127
note	19.4583	0.13151	64	127
note	19.6133	0.13151	53	127
note	19.6133	0.13151	62	127
note	19.3021	0.59375	52	127
note	19.3021	0.59375	60	127
note	19.7682	0.13151	55	127
note	19.7682	0.13151	64	127
note	18.6823	1.22656	46	127
note	18.6823	1.22656	72	127
note	20.0781	0.13151	56	127
note	20.0781	0.13151	65	127
note	20.2331	0.13151	55	127
note	20.2331	0.13151	64	127
note	20.388	0.13151	56	127
note	20.388	0.13151	65	127
note	20.6979	0.13151	56	127
note	20.6979	0.13151	65	127
note	20.8529	0.13151	55	127
note	20.8529	0.13151	64	127
note	20.543	0.59375	53	127
note	20.543	0.59375	60	127
note	21.0078	0.13151	56	127
note	21.0078	0.13151	65	127
note	19.9232	1.22656	44	127
note	19.9232	1.22656	72	127
note	21.3177	0.13151	56	127
note	21.3177	0.13151	65	127
note	21.4727	0.13151	55	127
note	21.4727	0.13151	64	127
note	21.6276	0.13151	56	127
note	21.6276	0.13151	65	127
note	21.9375	0.13151	56	127
note	21.9375	0.13151	65	127
note	22.0924	0.13151	55	127
note	22.0924	0.13151	64	127
note	21.7826	0.59375	53	127
note	21.7826	0.59375	60	127
note	22.2474	0.13151	56	127
note	22.2474	0.13151	65	127
note	21.1628	1.22656	44	127
note	21.1628	1.22656	72	127
note	22.5573	0.13151	50	127
note	22.5573	0.13151	65	127
note	22.7122	0.13151	48	127
note	22.7122	0.13151	63	127
note	22.8672	0.13151	50	127
note	22.8672	0.13151	65	127
note	23.1771	0.13151	50	127
note	23.1771	0.13151	65	127
note	23.3333	0.13151	48	127
note	23.3333	0.13151	63	127
note	23.0221	0.59375	53	127
note	23.0221	0.59375	62	127
note	23.4883	0.13151	50	127
note	23.4883	0.13151	65	127
note	22.4023	1.22656	44	127
note	22.4023	1.22656	70	127
note	23.7982	0.13151	50	127
note	23.7982	0.13151	65	127
note	23.9531	0.13151	48	127
note	23.9531	0.13151	63	127
note	24.1081	0.13151	50	127
note	24.1081	0.13151	65	127
note	24.418	0.13151	50	127
note	24.418	0.13151	65	127
note	24.5729	0.13151	48	127
note	24.5729	0.13151	63	127
note	24.263	0.59375	53	127
note	24.263	0.59375	62	127
note	24.7279	0.13151	50	127
note	24.7279	0.13151	65	127
note	23.6432	1.22656	44	127
note	23.6432	1.22656	70	127
note	25.0378	0.13151	51	127
note	25.0378	0.13151	67	127
note	25.1927	0.13151	50	127
note	25.1927	0.13151	65	127
note	25.3477	0.13151	51	127
note	25.3477	0.13151	67	127
note	25.6576	0.13151	51	127
note	25.6576	0.13151	67	127
note	25.8125	0.13151	50	127
note	25.8125	0.13151	65	127
note	25.5026	0.59375	55	127
note	25.5026	0.59375	63	127
note	25.9674	0.13151	51	127
note	25.9674	0.13151	67	127
note	24.8828	1.22656	43	127
note	24.8828	1.22656	70	127
note	26.2773	0.13151	51	127
note	26.2773	0.13151	67	127
note	26.4323	0.13151	50	127
note	26.4323	0.13151	65	127
note	26.5872	0.13151	51	127
note	26.5872	0.13151	67	127
note	26.8971	0.13151	51	127
note	26.8971	0.13151	67	127
note	27.0521	0.13151	50	127
note	27.0521	0.13151	65	127
note	26.7422	0.59375	55	127
note	26.7422	0.59375	63	127
note	27.2083	0.13151	51	127
note	27.2083	0.13151	67	127
note	26.1224	1.22656	43	127
note	26.1224	1.22656	70	127
note	27.5182	0.13151	51	127
note	27.5182	0.13151	67	127
note	27.6732	0.13151	50	127
note	27.6732	0.13151	65	127
note	27.8281	0.13151	51	127
note	27.8281	0.13151	67	127
note	27.9831	0.0520833	63	127
note	28.138	0.13151	51	127
note	28.138	0.13151	67	127
note	28.293	0.13151	50	127
note	28.293	0.13151	65	127
note	27.9831	0.520833	56	127
note	28.4479	0.13151	51	127
note	28.4479	0.13151	67	127
note	27.3633	1.22656	48	127
note	27.3633	1.22656	68	127
note	28.7578	0.13151	51	127
note	28.7578	0.13151	67	127
note	28.9128	0.13151	50	127
note	28.9128	0.13151	65	127
note	29.0677	0.13151	51	127
note	29.0677	0.13151	67	127
note	29.3776	0.13151	51	127
note	29.3776	0.13151	67	127
note	29.5326	0.13151	50	127
note	29.5326	0.13151	65	127
note	29.2227	0.455729	56	127
note	29.2227	0.455729	63	127
note	29.6875	0.13151	51	127
note	29.6875	0.13151	67	127
note	28.6029	1.22656	48	127
note	28.6029	1.22656	68	127
note	29.9974	0.13151	53	127
note	29.9974	0.13151	62	127
note	30.1523	0.13151	51	127
note	30.1523	0.13151	60	127
note	30.3073	0.13151	53	127
note	30.3073	0.13151	62	127
note	30.6172	0.13151	53	127
note	30.6172	0.13151	62	127
note	30.7721	0.13151	51	127
note	30.7721	0.13151	60	127
note	30.4622	0.455729	56	127
note	30.4622	0.455729	58	127
note	30.9271	0.13151	53	127
note	30.9271	0.13151	62	127
note	29.8424	1.22656	50	127
note	29.8424	1.22656	68	127
note	31.2383	0.13151	53	127
note	31.2383	0.13151	62	127
note	31.3932	0.13151	51	127
note	31.3932	0.13151	60	127
note	31.5482	0.13151	53	127
note	31.5482	0.13151	62	127
note	31.8581	0.13151	53	127
note	31.8581	0.13151	62	127
note	31.7031	0.390625	56	127
note	31.7031	0.390625	58	127
note	32.013	0.13151	51	127
note	32.013	0.13151	60	127
note	32.168	0.13151	53	127
note	32.168	0.13151	62	127
note	31.0833	1.22656	50	127
note	31.0833	1.22656	68	127
note	32.4779	0.13151	55	127
note	32.4779	0.13151	58	127
note	32.6328	0.13151	53	127
note	32.6328	0.13151	56	127
note	32.7878	0.13151	55	127
note	32.7878	0.13151	58	127
note	32.3229	0.613281	67	127
note	32.9427	0.13151	56	127
note	33.0977	0.13151	55	127
note	33.0977	0.13151	58	127
note	33.2526	0.13151	53	127
note	33.2526	0.13151	56	127
note	33.4076	0.13151	55	127
note	33.4076	0.13151	58	127
note	32.3229	1.22656	51	127
note	32.9427	0.613281	63	127
note	33.7174	0.13151	55	127
note	33.7174	0.13151	58	127
note	33.8724	0.13151	53	127
note	33.8724	0.13151	56	127
note	34.0273	0.13151	55	127
note	34.0273	0.13151	58	127
note	33.5625	0.613281	67	127
note	34.1823	0.13151	56	127
note	34.3372	0.13151	55	127
note	34.3372	0.13151	58	127
note	34.4922	0.13151	53	127
note	34.4922	0.13151	56	127
note	34.6471	0.13151	55	127
note	34.6471	0.13151	58	127
note	33.5625	1.22656	51	127
note	34.1823	0.613281	63	127
note	34.9583	0.13151	57	127
note	34.9583	0.13151	60	127
note	35.1133	0.13151	55	127
note	35.1133	0.13151	58	127
note	35.2682	0.13151	57	127
note	35.2682	0.13151	60	127
note	35.4232	0.13151	57	127
note	35.5781	0.13151	57	127
note	35.5781	0.13151	60	127
note	35.7331	0.13151	55	127
note	35.7331	0.13151	58	127
note	35.4232	0.59375	53	127
note	35.888	0.13151	57	127
note	35.888	0.13151	60	127
note	34.8021	1.22656	51	127
note	34.8021	1.22656	65	127
note	36.1979	0.13151	57	127
note	36.1979	0.13151	60	127
note	36.3529	0.13151	55	127
note	36.3529	0.13151	58	127
note	36.5078	0.13151	57	127
note	36.5078	0.13151	60	127
note	36.6628	0.13151	57	127
note	36.8177	0.13151	57	127
note	36.8177	0.13151	60	127
note	36.9727	0.13151	55	127
note	36.9727	0.13151	58	127
note	36.6628	0.588542	53	127
note	37.1276	0.13151	57	127
note	37.1276	0.13151	60	127
note	36.043	1.22656	51	127
note	36.043	1.22656	65	127
note	37.4375	0.13151	53	127
note	37.4375	0.13151	62	127
note	37.5924	0.13151	51	127
note	37.5924	0.13151	60	127
note	37.7474	0.13151	53	127
note	37.7474	0.13151	62	127
note	38.0573	0.13151	53	127
note	38.0573	0.13151	62	127
note	37.9023	0.30599	56	127
note	38.2122	0.13151	51	127
note	38.2122	0.13151	60	127
note	38.3672	0.13151	53	127
note	38.3672	0.13151	62	127
note	37.2826	1.22656	50	127
note	37.2826	1.22656	65	127
note	37.9023	0.716146	59	127
note	38.6771	0.13151	53	127
note	38.6771	0.13151	62	127
note	38.8333	0.13151	51	127
note	38.8333	0.13151	60	127
note	38.9883	0.13151	53	127
note	38.9883	0.13151	62	127
note	39.2982	0.13151	53	127
note	39.2982	0.13151	62	127
note	39.1432	0.30599	56	127
note	39.4531	0.13151	51	127
note	39.4531	0.13151	60	127
note	39.1432	0.585938	59	127
note	39.6081	0.13151	53	127
note	39.6081	0.13151	62	127
note	38.5221	1.22656	50	127
note	38.5221	1.22656	65	127
note	39.918	0.13151	53	127
note	39.918	0.13151	62	127
note	40.0729	0.13151	52	127
note	40.0729	0.13151	60	127
note	40.2279	0.13151	53	127
note	40.2279	0.13151	62	127
note	40.5378	0.13151	53	127
note	40.5378	0.13151	62	127
note	40.3828	0.364583	59	127
note	40.6927	0.13151	52	127
note	40.6927	0.13151	60	127
note	40.3828	0.59375	56	127
note	40.8477	0.13151	53	127
note	40.8477	0.13151	62	127
note	39.763	1.22656	48	127
note	39.763	1.22656	65	127
note	41.1576	0.13151	53	127
note	41.1576	0.13151	62	127
note	41.3125	0.13151	52	127
note	41.3125	0.13151	60	127
note	41.4674	0.13151	53	127
note	41.4674	0.13151	62	127
note	41.6224	0.13151	59	127
note	41.7773	0.13151	53	127
note	41.7773	0.13151	62	127
note	41.6224	0.364583	56	127
note	41.9323	0.13151	52	127
note	41.9323	0.13151	60	127
note	42.0872	0.13151	53	127
note	42.0872	0.13151	62	127
note	41.0026	1.22656	48	127
note	41.0026	1.22656	65	127
note	42.3971	0.13151	51	127
note	42.3971	0.13151	60	127
note	42.5521	0.13151	50	127
note	42.5521	0.13151	59	127
note	42.7083	0.13151	51	127
note	42.7083	0.13151	60	127
note	42.8633	0.13151	53	127
note	43.0182	0.13151	51	127
note	43.0182	0.13151	60	127
note	42.8633	0.325521	55	127
note	43.1732	0.13151	50	127
note	43.1732	0.13151	59	127
note	43.3281	0.13151	51	127
note	43.3281	0.13151	60	127
note	42.2422	1.22656	48	127
note	42.2422	1.22656	63	127
note	43.638	0.13151	51	127
note	43.638	0.13151	60	127
note	43.793	0.13151	50	127
note	43.793	0.13151	59	127
note	43.9479	0.13151	51	127
note	43.9479	0.13151	60	127
note	44.1029	0.13151	53	127
note	44.1029	0.260417	55	127
note	44.2578	0.13151	51	127
note	44.2578	0.13151	60	127
note	44.4128	0.13151	50	127
note	44.4128	0.13151	59	127
note	44.5677	0.13151	51	127
note	44.5677	0.13151	60	127
note	43.4831	1.22656	46	127
note	43.4831	1.22656	63	127
note	44.8789	0.132812	48	127
note	44.8789	0.132812	63	127
note	45.0365	0.132812	47	127
note	45.0365	0.132812	62	127
note	45.1927	0.132812	48	127
note	45.1927	0.132812	63	127
note	45.349	0.132812	50	127
note	45.349	0.132812	65	127
note	45.5052	0.132812	48	127
note	45.5052	0.132812	63	127
note	45.6628	0.132812	47	127
note	45.6628	0.132812	62	127
note	45.819	0.132812	48	127
note	45.819	0.132812	63	127
note	44.7227	1.23958	44	127
note	44.7227	1.23958	53	127
note	46.1328	0.132812	48	127
note	46.1328	0.132812	63	127
note	46.2891	0.132812	47	127
note	46.2891	0.132812	62	127
note	46.4453	0.132812	48	127
note	46.4453	0.132812	63	127
note	46.6016	0.132812	50	127
note	46.6016	0.132812	65	127
note	46.7591	0.132812	48	127
note	46.7591	0.132812	63	127
note	46.9154	0.132812	47	127
note	46.9154	0.132812	62	127
note	45.9753	1.21094	53	127
note	47.0716	0.132812	48	127
note	47.0716	0.132812	63	127
note	45.9753	1.23958	44	127
note	47.3854	0.132812	51	127
note	47.3854	0.132812	60	127
note	47.5417	0.132812	50	127
note	47.5417	0.132812	59	127
note	47.6979	0.132812	51	127
note	47.6979	0.132812	60	127
note	47.8555	0.13151	63	127
note	48.0117	0.132812	51	127
note	48.0117	0.132812	60	127
note	48.168	0.132812	50	127
note	48.168	0.132812	59	127
note	47.8555	0.60026	48	127
note	48.3242	0.132812	51	127
note	48.3242	0.132812	60	127
note	47.2292	1.23958	45	127
note	47.2292	1.23958	54	127
note	48.638	0.132812	51	127
note	48.638	0.132812	60	127
note	48.7943	0.132812	50	127
note	48.7943	0.132812	59	127
note	48.4818	0.585938	54	127
note	48.9518	0.132812	51	127
note	48.9518	0.132812	60	127
note	49.1081	0.13151	63	127
note	49.2643	0.132812	51	127
note	49.2643	0.132812	60	127
note	49.4206	0.132812	50	127
note	49.4206	0.132812	59	127
note	49.1081	0.60026	48	127
note	49.5781	0.132812	51	127
note	49.5781	0.132812	60	127
note	48.4818	1.23958	45	127
note	49.8893	0.13151	51	127
note	49.8893	0.13151	60	127
note	50.0443	0.13151	50	127
note	50.0443	0.13151	59	127
note	50.1992	0.13151	51	127
note	50.1992	0.13151	60	127
note	50.5091	0.13151	51	127
note	50.5091	0.13151	60	127
note	50.3542	0.364583	53	127
note	50.6641	0.13151	50	127
note	50.6641	0.13151	59	127
note	50.3542	0.46875	55	127
note	50.819	0.13151	51	127
note	50.819	0.13151	60	127
note	49.7344	1.22656	43	127
note	49.7344	1.22656	63	127
note	51.1289	0.13151	51	127
note	51.1289	0.13151	60	127
note	51.2839	0.13151	50	127
note	51.2839	0.13151	59	127
note	51.4388	0.13151	51	127
note	51.4388	0.13151	60	127
note	51.75	0.13151	51	127
note	51.75	0.13151	60	127
note	51.5938	0.364583	53	127
note	51.9049	0.13151	50	127
note	51.9049	0.13151	59	127
note	51.5938	0.442708	55	127
note	52.0599	0.13151	51	127
note	52.0599	0.13151	60	127
note	50.974	1.22656	43	127
note	50.974	1.22656	63	127
note	52.3698	0.13151	51	127
note	52.3698	0.13151	60	127
note	52.5247	0.13151	50	127
note	52.5247	0.13151	59	127
note	52.6797	0.13151	51	127
note	52.6797	0.13151	60	127
note	52.9896	0.13151	51	127
note	52.9896	0.13151	60	127
note	53.1445	0.13151	50	127
note	53.1445	0.13151	59	127
note	52.8346	0.46875	57	127
note	52.8346	0.59375	48	127
note	53.2995	0.13151	51	127
note	53.2995	0.13151	60	127
note	52.2148	1.22656	43	127
note	52.2148	1.22656	66	127
note	53.6094	0.13151	51	127
note	53.6094	0.13151	60	127
note	53.7643	0.13151	50	127
note	53.7643	0.13151	59	127
note	53.9193	0.13151	51	127
note	53.9193	0.13151	60	127
note	54.2292	0.13151	51	127
note	54.2292	0.13151	60	127
note	54.3841	0.13151	50	127
note	54.3841	0.13151	59	127
note	54.0742	0.46875	57	127
note	54.0742	0.59375	48	127
note	54.5391	0.13151	51	127
note	54.5391	0.13151	60	127
note	53.4544	1.22656	43	127
note	53.4544	1.22656	66	127
note	54.849	0.13151	51	127
note	54.849	0.13151	60	127
note	55.0039	0.13151	50	127
note	55.0039	0.13151	59	127
note	55.1589	0.13151	51	127
note	55.1589	0.13151	60	127
note	55.4688	0.13151	51	127
note	55.4688	0.13151	60	127
note	55.3138	0.364583	53	127
note	55.625	0.13151	50	127
note	55.625	0.13151	59	127
note	55.3138	0.494792	62	127
note	55.7799	0.13151	51	127
note	55.7799	0.13151	60	127
note	54.694	1.22656	43	127
note	54.694	1.22656	67	127
note	56.0898	0.13151	51	127
note	56.0898	0.13151	60	127
note	56.2448	0.13151	50	127
note	56.2448	0.13151	59	127
note	56.3997	0.13151	51	127
note	56.3997	0.13151	60	127
note	56.5547	0.13151	53	127
note	56.5547	0.13151	62	127
note	56.7096	0.13151	51	127
note	56.7096	0.13151	60	127
note	56.8646	0.13151	50	127
note	56.8646	0.13151	59	127
note	57.0195	0.13151	51	127
note	57.0195	0.13151	60	127
note	55.9349	1.22656	43	127
note	55.9349	1.22656	67	127
note	57.3294	0.13151	51	127
note	57.3294	0.13151	60	127
note	57.4844	0.13151	50	127
note	57.4844	0.13151	59	127
note	57.6393	0.13151	51	127
note	57.6393	0.13151	60	127
note	57.7943	0.13151	53	127
note	57.7943	0.13151	62	127
note	57.9492	0.13151	51	127
note	57.9492	0.13151	60	127
note	58.1042	0.13151	50	127
note	58.1042	0.13151	59	127
note	58.2591	0.13151	51	127
note	58.2591	0.13151	60	127
note	57.1745	1.22656	43	127
note	57.1745	1.22656	68	127
note	58.4141	0.13151	68	127
note	58.569	0.117188	51	127
note	58.569	0.13151	60	127
note	58.724	0.117188	50	127
note	58.724	0.13151	59	127
note	58.8789	0.117188	51	127
note	58.8789	0.13151	60	127
note	59.0339	0.117188	53	127
note	59.0339	0.13151	62	127
note	59.1888	0.117188	51	127
note	59.1888	0.13151	60	127
note	59.3438	0.117188	50	127
note	59.3438	0.13151	59	127
note	59.5	0.117188	51	127
note	59.5	0.13151	60	127
note	58.4141	1.22656	43	127
note	60	0.141927	50	127
note	59.6667	0.60026	59	127
note	60.151	0.141927	53	127
note	60.3034	0.141927	56	127
note	60.4544	0.141927	53	127
note	60.6068	0.141927	52	127
note	60.7578	0.141927	53	127
note	60.9102	0.141927	59	127
note	61.0625	0.141927	53	127
note	61.2135	0.141927	62	127
note	61.3659	0.141927	59	127
note	61.5169	0.141927	56	127
note	61.6693	0.141927	53	127
note	61.8203	0.141927	52	127
note	59.6667	2.41797	43	127
note	59.849	2.26042	47	127
note	61.9727	0.141927	53	127
note	62.6315	0.144531	55	127
note	62.7865	0.144531	60	127
note	62.9414	0.144531	55	127
note	63.0964	0.144531	54	127
note	63.2513	0.144531	55	127
note	63.4062	0.144531	63	127
note	63.5612	0.144531	60	127
note	63.7161	0.144531	67	127
note	63.8711	0.144531	63	127
note	64.026	0.144531	60	127
note	64.181	0.144531	56	127
note	64.3359	0.144531	55	127
note	62.4766	2.09896	51	127
note	62.1159	2.47005	43	127
note	62.3216	2.30859	48	127
note	64.4909	0.144531	56	127
note	65.1667	0.14974	60	127
note	65.3268	0.14974	63	127
note	65.487	0.14974	60	127
note	65.6471	0.14974	59	127
note	65.806	0.14974	60	127
note	65.9661	0.14974	66	127
note	66.1263	0.14974	60	127
note	66.2865	0.14974	69	127
note	66.4466	0.14974	66	127
note	66.6055	0.14974	63	127
note	66.7656	0.14974	60	127
note	66.9258	0.14974	59	127
note	65.0078	2.29036	54	127
note	64.8477	2.45312	45	127
note	67.1094	0.197917	60	127
note	64.6549	2.65234	43	127
note	67.8529	0.105469	74	127
note	67.9622	0.105469	72	127
note	68.0716	0.105469	74	127
note	68.1823	0.205729	75	127
note	68.2917	0.105469	72	127
note	68.401	0.105469	71	127
note	68.5117	0.105469	72	127
note	68.6211	0.205729	69	127
note	68.7305	0.105469	72	127
note	68.8411	0.105469	71	127
note	68.9505	0.105469	72	127
note	69.0599	0.205729	74	127
note	69.1706	0.105469	71	127
note	69.2799	0.105469	69	127
note	67.3268	2.13281	43	127
note	69.3893	0.105469	71	127
note	69.0599	0.488281	55	127
note	69.5	0.205729	67	127
note	69.6094	0.105469	62	127
note	69.6094	0.105469	71	127
note	69.7188	0.105469	60	127
note	69.7188	0.105469	69	127
note	69.8294	0.105469	62	127
note	69.8294	0.105469	71	127
note	69.9388	0.205729	63	127
note	69.9388	0.205729	72	127
note	70.0482	0.105469	60	127
note	70.0482	0.105469	69	127
note	70.1589	0.105469	59	127
note	70.1589	0.105469	67	127
note	70.2682	0.105469	60	127
note	70.2682	0.105469	69	127
note	70.3776	0.205729	57	127
note	70.3776	0.205729	66	127
note	70.4883	0.105469	60	127
note	70.4883	0.105469	69	127
note	70.5977	0.105469	59	127
note	70.5977	0.105469	67	127
note	70.707	0.105469	60	127
note	70.707	0.105469	69	127
note	70.8164	0.205729	62	127
note	70.8164	0.205729	71	127
note	70.9271	0.105469	59	127
note	70.9271	0.105469	67	127
note	71.0365	0.105469	57	127
note	71.0365	0.105469	66	127
note	71.1458	0.105469	59	127
note	71.1458	0.105469	67	127
note	71.2565	0.105469	55	127
note	71.2565	0.105469	62	127
note	71.3659	0.105469	59	127
note	71.3659	0.105469	79	127
note	71.4753	0.105469	57	127
note	71.4753	0.105469	77	127
note	71.5859	0.105469	59	127
note	71.5859	0.105469	79	127
note	71.6953	0.205729	60	127
note	71.6953	0.205729	80	127
note	71.8047	0.105469	56	127
note	71.8047	0.105469	77	127
note	71.9154	0.105469	55	127
note	71.9154	0.105469	75	127
note	72.0247	0.105469	56	127
note	72.0247	0.105469	77	127
note	72.1341	0.205729	53	127
note	72.1341	0.205729	74	127
note	72.2448	0.105469	57	127
note	72.2448	0.105469	77	127
note	72.3542	0.105469	55	127
note	72.3542	0.105469	75	127
note	72.4635	0.105469	57	127
note	72.4635	0.105469	77	127
note	72.5742	0.205729	59	127
note	72.5742	0.205729	79	127
note	72.6836	0.105469	55	127
note	72.6836	0.105469	75	127
note	72.793	0.105469	53	127
note	72.793	0.105469	74	127
note	72.9036	0.105469	55	127
note	72.9036	0.105469	75	127
note	73.013	0.105469	51	127
note	73.013	0.205729	72	127
note	73.1224	0.105469	67	127
note	73.1224	0.105469	75	127
note	73.2331	0.105469	65	127
note	73.2331	0.105469	74	127
note	73.3424	0.105469	67	127
note	73.3424	0.105469	75	127
note	73.4518	0.205729	68	127
note	73.4518	0.205729	77	127
note	73.5612	0.105469	65	127
note	73.5612	0.105469	74	127
note	73.6719	0.105469	63	127
note	73.6719	0.105469	72	127
note	73.7812	0.105469	65	127
note	73.7812	0.105469	74	127
note	73.8906	0.205729	62	127
note	73.8906	0.205729	71	127
note	74.0013	0.105469	65	127
note	74.0013	0.105469	74	127
note	74.1107	0.105469	63	127
note	74.1107	0.105469	72	127
note	74.2201	0.105469	65	127
note	74.2201	0.105469	74	127
note	74.3307	0.205729	67	127
note	74.3307	0.205729	75	127
note	74.4401	0.105469	63	127
note	74.4401	0.105469	72	127
note	74.5495	0.105469	62	127
note	74.5495	0.105469	71	127
note	74.6602	0.105469	63	127
note	74.6602	0.105469	72	127
note	74.7695	0.205729	60	127
note	74.7695	0.205729	67	127
note	74.8789	0.105469	63	127
note	74.8789	0.105469	72	127
note	74.9896	0.105469	62	127
note	74.9896	0.105469	71	127
note	75.099	0.105469	63	127
note	75.099	0.105469	72	127
note	75.319	0.109375	62	127
note	75.319	0.109375	77	127
note	75.2083	0.313802	65	127
note	75.2083	0.313802	68	127
note	75.431	0.109375	60	127
note	75.431	0.109375	75	127
note	75.5443	0.109375	62	127
note	75.5443	0.109375	77	127
note	75.7708	0.109375	60	127
note	75.7708	0.109375	75	127
note	75.6576	0.317708	63	127
note	75.6576	0.317708	67	127
note	75.8841	0.109375	59	127
note	75.8841	0.109375	74	127
note	75.9961	0.109375	60	127
note	75.9961	0.109375	75	127
note	76.2227	0.109375	59	127
note	76.2227	0.109375	74	127
note	76.1094	0.317708	62	127
note	76.1094	0.317708	65	127
note	76.3359	0.109375	57	127
note	76.3359	0.109375	72	127
note	76.4492	0.109375	59	127
note	76.4492	0.109375	74	127
note	76.5612	0.109375	63	127
note	76.6745	0.109375	63	127
note	76.6745	0.109375	72	127
note	76.5612	0.317708	60	127
note	76.7878	0.109375	62	127
note	76.7878	0.109375	71	127
note	76.901	0.109375	63	127
note	76.901	0.109375	72	127
note	77.0143	0.226562	68	127
note	77.1354	0.117188	62	127
note	77.1354	0.117188	65	127
note	77.0143	0.339844	53	127
note	77.2565	0.117188	60	127
note	77.2565	0.117188	63	127
note	77.3776	0.117188	62	127
note	77.3776	0.117188	65	127
note	77.4987	0.226562	67	127
note	77.6198	0.117188	60	127
note	77.6198	0.117188	63	127
note	77.4987	0.339844	51	127
note	77.7409	0.117188	59	127
note	77.7409	0.117188	62	127
note	77.862	0.117188	60	127
note	77.862	0.117188	63	127
note	77.9831	0.226562	65	127
note	78.1042	0.117188	59	127
note	78.1042	0.117188	62	127
note	77.9831	0.339844	50	127
note	78.2253	0.117188	57	127
note	78.2253	0.117188	60	127
note	78.3594	0.143229	59	127
note	78.3594	0.143229	62	127
note	78.5299	0.364583	65	127
note	78.8828	0.0651042	64	127
note	78.9544	0.0651042	65	127
note	79.0247	0.0651042	64	127
note	79.0964	0.0651042	65	127
note	79.1667	0.0651042	64	127
note	79.2383	0.0651042	65	127
note	79.3099	1.24349	64	127
note	80.6966	0.136719	60	127
note	80.8385	0.136719	62	127
note	80.9805	0.136719	64	127
note	81.1224	0.136719	65	127
note	81.2643	0.136719	67	127
note	81.4062	0.136719	68	127
note	81.5495	0.136719	70	127
note	81.6914	0.136719	72	127
note	78.5299	3.39193	48	127
note	78.5299	3.39193	55	127
note	78.5299	3.39193	58	127
note	81.8333	0.136719	70	127
note	81.9753	0.136719	68	127
note	82.1172	0.136719	67	127
note	82.2591	0.278646	65	127
note	82.543	0.136719	67	127
note	82.6862	0.136719	64	127
note	82.8281	0.0651042	65	127
note	82.8984	0.0651042	64	127
note	82.9701	0.0651042	65	127
note	83.0404	0.0651042	64	127
note	83.112	0.921875	65	127
note	82.8281	1.25781	60	127
note	84.0495	0.161458	67	127
note	84.2161	0.148438	65	127
note	84.3698	0.148438	64	127
note	84.5234	0.148438	65	127
note	84.6771	0.148438	67	127
note	84.8294	0.148438	68	127
note	84.9831	0.148438	67	127
note	85.1367	0.148438	65	127
note	85.2904	0.148438	63	127
note	85.444	0.148438	62	127
note	85.5964	0.148438	63	127
note	85.75	0.148438	65	127
note	82.8281	3.08984	48	127
note	82.8281	3.08984	53	127
note	82.8281	3.08984	56	127
note	85.9036	0.148438	62	127
note	86.0573	0.148438	63	127
note	86.2109	0.148438	65	127
note	86.9336	0.148438	50	127
note	86.3633	0.764323	59	127
note	87.0872	0.148438	53	127
note	87.2409	0.148438	56	127
note	87.3945	0.148438	55	127
note	87.5482	0.148438	53	127
note	87.7005	0.286458	59	127
note	87.8542	0.148438	53	127
note	88.0078	0.286458	62	127
note	88.1615	0.148438	53	127
note	88.3151	0.148438	59	127
note	88.4674	0.148438	56	127
note	88.6211	0.148438	55	127
note	86.6276	2.20312	36	127
note	86.7812	2.0599	47	127
note	88.7747	0.145833	53	127
note	89.0794	0.148438	61	127
note	89.2331	0.148438	58	127
note	88.9271	0.574219	52	127
note	89.3867	0.148438	55	127
note	89.5404	0.148438	60	127
note	89.694	0.148438	56	127
note	89.8464	0.148438	53	127
note	90	0.148438	56	127
note	90.1536	0.286458	55	127
note	90.3073	0.148438	58	127
note	90.4609	0.148438	55	127
note	90.6133	0.148438	52	127
note	90.7669	0.148438	56	127
note	90.9206	0.148438	53	127
note	91.0742	0.14974	50	127
note	91.2292	0.14974	53	127
note	91.3841	0.290365	52	127
note	91.5391	0.14974	55	127
note	91.694	0.14974	52	127
note	91.849	0.14974	48	127
note	92.0039	0.290365	53	127
note	88.9271	3.36719	36	127
note	92.1589	0.14974	50	127
note	92.3138	0.14974	47	127
note	92.4688	0.177083	50	127
note	93.2682	0.177083	50	127
note	93.6354	0.177083	55	127
note	93.4518	0.515625	52	127
note	93.8203	0.177083	58	127
note	94.0039	0.177083	55	127
note	94.3724	0.177083	60	127
note	94.1875	0.515625	56	127
note	94.556	0.177083	65	127
note	94.7396	0.177083	62	127
note	94.9245	0.345052	65	127
note	95.1081	0.178385	68	127
note	95.2943	0.229167	72	127
note	95.5247	0.259115	71	127
note	96.2865	0.494792	67	127
note	96.7826	0.979167	65	127
note	97.2786	0.486979	62	127
note	92.8997	4.88542	43	127
note	92.6836	7.99219	36	127
note	93.0833	7.60547	48	127
note	95.7917	4.89974	72	127
note	97.7734	2.92057	64	127
note	102.082	0.216146	72	127
note	102.299	0.216146	71	127
note	102.518	0.434896	72	127
note	102.956	0.364583	67	127
note	103.393	0.434896	68	127
note	103.831	0.216146	72	127
note	104.048	0.216146	71	127
note	104.266	0.434896	72	127
note	104.703	0.371094	74	127
note	105.142	0.434896	67	127
note	105.579	0.216146	72	127
note	105.797	0.216146	71	127
note	106.014	0.434896	72	127
note	106.452	0.377604	74	127
note	106.889	0.216146	65	127
note	107.108	0.22526	67	127
note	107.326	0.09375	68	127
note	107.417	0.09375	67	127
note	107.508	0.707031	68	127
note	108.199	0.210938	67	127
note	108.419	0.210938	65	127
note	108.638	0.216146	63	127
note	108.857	0.216146	72	127
note	109.074	0.216146	71	127
note	109.074	0.216146	79	127
note	109.293	0.216146	69	127
note	109.293	0.216146	78	127
note	109.51	0.216146	67	127
note	109.728	0.216146	65	127
note	109.51	0.433594	79	127
note	109.947	0.216146	63	127
note	109.947	0.286458	72	127
note	110.164	0.216146	62	127
note	110.383	0.434896	60	127
note	110.383	0.434896	75	127
note	110.82	0.216146	79	127
note	111.038	0.216146	78	127
note	110.82	0.433594	75	127
note	111.255	0.434896	74	127
note	111.255	0.434896	79	127
note	111.693	0.3125	81	127
note	111.693	0.434896	72	127
note	112.13	0.434896	70	127
note	112.13	0.434896	74	127
note	112.569	0.216146	79	127
note	112.786	0.216146	78	127
note	112.569	0.433594	69	127
note	113.004	0.434896	70	127
note	113.004	0.434896	79	127
note	113.441	0.390625	81	127
note	113.441	0.434896	72	127
note	113.879	0.216146	72	127
note	113.879	0.433594	66	127
note	114.098	0.216146	74	127
note	114.315	0.105469	72	127
note	114.423	0.105469	74	127
note	114.315	0.432292	67	127
note	114.75	0.434896	69	127
note	114.531	0.66276	75	127
note	115.188	0.216146	74	127
note	115.405	0.216146	72	127
note	115.188	0.433594	66	127
note	115.624	0.434896	70	127
note	115.624	0.636719	67	127
note	116.061	0.216146	75	127
note	116.279	0.216146	74	127
note	116.496	0.351562	75	127
note	116.716	0.216146	60	127
note	116.934	0.216146	62	127
note	116.934	0.433594	67	127
note	117.152	0.216146	63	127
note	117.37	0.216146	65	127
note	117.37	0.433594	68	127
note	117.589	0.216146	67	127
note	117.806	0.216146	77	127
note	118.023	0.216146	75	127
note	117.806	0.545573	68	127
note	118.242	0.351562	77	127
note	118.462	0.216146	62	127
note	118.68	0.216146	63	127
note	118.897	0.216146	65	127
note	118.68	0.433594	69	127
note	119.116	0.216146	67	127
note	119.333	0.216146	69	127
note	119.116	0.433594	70	127
note	119.552	0.216146	79	127
note	119.77	0.216146	77	127
note	119.552	0.545573	70	127
note	119.987	0.351562	79	127
note	120.207	0.216146	63	127
note	120.424	0.216146	65	127
note	120.424	0.433594	71	127
note	120.643	0.216146	67	127
note	120.861	0.105469	72	127
note	120.969	0.105469	71	127
note	120.861	0.213542	68	127
note	121.077	0.216146	67	127
note	121.077	0.216146	72	127
note	121.296	0.216146	65	127
note	121.296	0.216146	74	127
note	121.513	0.216146	63	127
note	121.513	0.216146	75	127
note	121.732	0.434896	62	127
note	122.169	0.216146	72	127
note	122.387	0.216146	71	127
note	121.732	1.32292	77	127
note	123.042	0.216146	60	127
note	122.604	0.654948	72	127
note	123.042	0.230469	75	127
note	123.26	0.216146	59	127
note	123.26	0.216146	74	127
note	123.478	0.216146	72	127
note	123.478	0.433594	60	127
note	123.697	0.216146	70	127
note	123.914	0.216146	68	127
note	123.914	0.377604	55	127
note	124.132	0.216146	67	127
note	124.35	0.434896	56	127
note	124.35	0.434896	65	127
note	124.788	0.216146	60	127
note	125.005	0.216146	59	127
note	124.788	0.433594	77	127
note	124.788	0.433594	80	127
note	125.224	0.434896	60	127
note	125.224	0.434896	75	127
note	125.224	0.434896	79	127
note	125.661	0.377604	62	127
note	125.661	0.432292	74	127
note	125.661	0.433594	77	127
note	126.096	0.434896	55	127
note	126.096	0.434896	75	127
note	126.535	0.216146	60	127
note	126.753	0.216146	59	127
note	126.535	0.433594	68	127
note	126.535	0.433594	74	127
note	126.97	0.434896	60	127
note	126.97	0.434896	67	127
note	126.97	0.434896	75	127
note	127.408	0.377604	62	127
note	127.408	0.434896	65	127
note	127.408	0.434896	77	127
note	127.845	0.216146	53	127
note	127.845	0.433594	67	127
note	127.845	0.433594	71	127
note	128.064	0.216146	55	127
note	128.281	0.216146	65	127
note	128.281	0.433594	72	127
note	128.5	0.216146	63	127
note	128.717	0.434896	65	127
note	128.717	0.434896	74	127
note	128.281	0.871094	56	127
note	129.155	0.105469	72	127
note	129.263	0.105469	71	127
note	129.155	0.213542	55	127
note	129.371	0.105469	69	127
note	129.479	0.105469	71	127
note	129.371	0.213542	53	127
note	129.155	0.43099	62	127
note	129.587	0.216146	51	127
note	129.587	0.433594	72	127
note	129.806	0.216146	60	127
note	130.023	0.216146	59	127
note	130.023	0.216146	79	127
note	130.242	0.216146	57	127
note	130.242	0.216146	78	127
note	130.46	0.216146	55	127
note	129.587	1.08984	67	127
note	130.46	0.351562	79	127
note	130.677	0.216146	53	127
note	130.896	0.216146	51	127
note	131.113	0.216146	50	127
note	130.896	0.433594	71	127
note	130.896	0.433594	74	127
note	131.332	0.216146	48	127
note	131.549	0.216146	50	127
note	131.332	0.433594	72	127
note	131.767	0.216146	51	127
note	131.767	0.216146	72	127
note	131.986	0.216146	50	127
note	131.986	0.216146	71	127
note	132.203	0.216146	48	127
note	131.332	1.08984	75	127
note	132.203	0.433594	72	127
note	132.422	0.216146	46	127
note	132.639	0.216146	44	127
note	132.857	0.216146	43	127
note	132.639	0.433594	67	127
note	132.639	0.433594	76	127
note	133.076	0.216146	41	127
note	133.293	0.216146	58	127
note	133.076	0.433594	77	127
note	133.512	0.216146	56	127
note	133.512	0.216146	77	127
note	133.729	0.216146	55	127
note	133.729	0.216146	76	127
note	133.947	0.216146	53	127
note	133.076	1.08984	68	127
note	133.947	0.351562	77	127
note	134.165	0.216146	51	127
note	134.383	0.216146	50	127
note	134.383	0.433594	69	127
note	134.383	0.433594	72	127
note	134.602	0.216146	48	127
note	134.819	0.216146	46	127
note	135.036	0.216146	48	127
note	134.819	0.433594	70	127
note	135.255	0.216146	50	127
note	135.255	0.216146	70	127
note	135.473	0.216146	48	127
note	135.473	0.216146	69	127
note	135.691	0.216146	46	127
note	134.819	1.08984	74	127
note	135.909	0.216146	44	127
note	135.691	0.433594	70	127
note	136.126	0.216146	43	127
note	136.126	0.433594	65	127
note	136.126	0.433594	74	127
note	136.345	0.216146	41	127
note	136.562	0.216146	39	127
note	136.562	0.433594	75	127
note	136.781	0.216146	56	127
note	136.999	0.216146	55	127
note	136.999	0.216146	75	127
note	137.216	0.216146	53	127
note	137.216	0.216146	74	127
note	137.435	0.216146	51	127
note	136.562	1.08984	67	127
note	137.435	0.351562	75	127
note	137.652	0.216146	49	127
note	137.871	0.216146	48	127
note	138.089	0.216146	46	127
note	137.871	0.433594	67	127
note	137.871	0.433594	70	127
note	138.306	0.434896	44	127
note	138.306	0.434896	68	127
note	138.306	0.434896	72	127
note	138.743	0.216146	75	127
note	138.743	0.433594	60	127
note	138.743	0.433594	68	127
note	138.962	0.216146	74	127
note	139.18	0.434896	58	127
note	139.18	0.434896	67	127
note	139.18	0.434896	75	127
note	139.617	0.351562	77	127
note	139.617	0.432292	65	127
note	139.617	0.433594	56	127
note	140.053	0.434896	55	127
note	140.053	0.434896	70	127
note	140.491	0.216146	75	127
note	140.708	0.216146	74	127
note	140.491	0.433594	53	127
note	140.491	0.433594	56	127
note	140.927	0.434896	55	127
note	140.927	0.434896	58	127
note	140.927	0.434896	75	127
note	141.365	0.351562	77	127
note	141.365	0.434896	56	127
note	141.365	0.636719	60	127
note	141.802	0.216146	68	127
note	142.02	0.216146	70	127
note	141.802	0.433594	50	127
note	142.238	0.105469	68	127
note	142.346	0.105469	70	127
note	142.238	0.213542	56	127
note	142.454	0.216146	55	127
note	142.238	0.432292	51	127
note	142.672	0.434896	53	127
note	142.672	0.434896	56	127
note	142.454	0.653646	72	127
note	143.109	0.216146	70	127
note	143.109	0.433594	50	127
note	143.109	0.433594	53	127
note	143.328	0.216146	68	127
note	143.546	0.216146	67	127
note	143.546	0.433594	51	127
note	143.546	0.433594	58	127
note	143.764	0.216146	63	127
note	143.982	0.216146	65	127
note	144.199	0.216146	67	127
note	143.982	0.433594	56	127
note	143.982	0.433594	60	127
note	144.418	0.216146	68	127
note	144.635	0.216146	70	127
note	144.418	0.433594	55	127
note	144.418	0.433594	58	127
note	144.854	0.216146	72	127
note	145.072	0.216146	74	127
note	144.854	0.433594	53	127
note	144.854	0.433594	56	127
note	145.289	0.216146	75	127
note	145.289	0.408854	55	127
note	145.289	0.408854	58	127
note	145.508	0.217448	74	127
note	145.727	0.216146	72	127
note	145.727	0.433594	51	127
note	145.727	0.433594	55	127
note	145.945	0.216146	74	127
note	146.163	0.216146	75	127
note	146.163	0.433594	50	127
note	146.163	0.433594	53	127
note	146.382	0.216146	77	127
note	146.599	0.216146	79	127
note	146.816	0.216146	81	127
note	146.599	0.433594	48	127
note	146.599	0.433594	51	127
note	147.035	0.216146	82	127
note	147.035	0.385417	50	127
note	147.035	0.385417	53	127
note	147.253	0.216146	65	127
note	147.471	0.216146	67	127
note	147.689	0.216146	68	127
note	147.471	0.433594	58	127
note	147.471	0.433594	61	127
note	147.906	0.216146	70	127
note	147.906	0.433594	56	127
note	147.906	0.433594	60	127
note	148.125	0.216146	72	127
note	148.342	0.216146	74	127
note	148.342	0.433594	55	127
note	148.342	0.433594	58	127
note	148.561	0.216146	76	127
note	148.779	0.216146	77	127
note	148.779	0.408854	56	127
note	148.779	0.408854	60	127
note	148.996	0.217448	75	127
note	149.216	0.216146	74	127
note	149.434	0.216146	75	127
note	149.216	0.433594	53	127
note	149.216	0.433594	56	127
note	149.652	0.216146	77	127
note	149.87	0.216146	79	127
note	149.652	0.433594	51	127
note	149.652	0.433594	55	127
note	150.089	0.216146	81	127
note	150.306	0.216146	83	127
note	150.089	0.433594	50	127
note	150.089	0.433594	53	127
note	150.523	0.433594	84	127
note	150.523	0.445312	51	127
note	150.523	0.445312	55	127
note	150.96	0.216146	67	127
note	150.96	0.216146	83	127
note	151.178	0.216146	66	127
note	151.178	0.216146	81	127
note	151.396	0.216146	79	127
note	151.613	0.216146	77	127
note	151.396	0.433594	67	127
note	151.832	0.216146	75	127
note	152.049	0.216146	74	127
note	151.832	0.433594	60	127
note	152.268	0.434896	63	127
note	152.268	0.434896	72	127
note	152.706	0.216146	67	127
note	152.923	0.216146	66	127
note	152.706	0.433594	48	127
note	152.706	0.433594	75	127
note	153.141	0.434896	46	127
note	153.141	0.434896	67	127
note	153.141	0.434896	74	127
note	153.579	0.432292	45	127
note	153.579	0.433594	69	127
note	153.579	0.433594	72	127
note	154.014	0.434896	62	127
note	154.014	0.434896	70	127
note	154.452	0.216146	67	127
note	154.452	0.433594	51	127
note	154.452	0.433594	69	127
note	154.671	0.216146	66	127
note	154.888	0.434896	50	127
note	154.888	0.434896	67	127
note	154.888	0.434896	70	127
note	155.326	0.434896	48	127
note	155.326	0.434896	69	127
note	155.326	0.434896	72	127
note	155.763	0.216146	60	127
note	155.763	0.433594	50	127
note	155.763	0.433594	66	127
note	155.982	0.216146	62	127
note	156.199	0.105469	60	127
note	156.307	0.105469	62	127
note	156.199	0.213542	48	127
note	156.415	0.216146	46	127
note	156.199	0.432292	67	127
note	156.634	0.434896	48	127
note	156.634	0.434896	69	127
note	156.415	0.653646	63	127
note	157.072	0.216146	62	127
note	157.289	0.216146	60	127
note	157.072	0.433594	50	127
note	157.072	0.433594	66	127
note	157.507	0.432292	58	127
note	157.507	0.433594	43	127
note	157.507	0.433594	67	127
note	157.943	0.216146	58	127
note	157.943	0.216146	74	127
note	158.161	0.216146	57	127
note	158.161	0.216146	72	127
note	158.379	0.434896	58	127
note	158.599	0.216146	62	127
note	158.816	0.216146	64	127
note	159.034	0.216146	66	127
note	158.816	0.433594	50	127
note	159.253	0.216146	67	127
note	158.379	1.09115	74	127
note	159.47	0.216146	69	127
note	159.253	0.433594	51	127
note	159.689	0.216146	60	127
note	159.689	0.216146	76	127
note	159.906	0.216146	58	127
note	159.906	0.216146	74	127
note	159.689	0.651042	70	127
note	160.124	0.433594	60	127
note	160.342	0.216146	64	127
note	160.56	0.216146	65	127
note	160.124	0.863281	76	127
note	160.56	0.433594	52	127
note	160.779	0.216146	67	127
note	160.996	0.216146	69	127
note	161.214	0.216146	70	127
note	160.996	0.433594	53	127
note	161.432	0.216146	62	127
note	161.432	0.216146	78	127
note	161.65	0.216146	60	127
note	161.65	0.216146	76	127
note	161.432	0.651042	72	127
note	161.868	0.432292	78	127
note	162.086	0.216146	66	127
note	161.868	0.433594	62	127
note	162.303	0.216146	67	127
note	162.303	0.433594	54	127
note	162.522	0.216146	69	127
note	162.74	0.434896	70	127
note	163.177	0.216146	63	127
note	163.177	0.216146	67	127
note	163.396	0.216146	62	127
note	163.396	0.216146	65	127
note	162.74	1	55	127
note	163.613	0.433594	63	127
note	163.832	0.216146	43	127
note	164.049	0.216146	45	127
note	163.613	0.863281	67	127
note	164.267	0.216146	47	127
note	164.049	0.433594	55	127
note	164.486	0.216146	48	127
note	164.703	0.216146	50	127
note	164.486	0.433594	56	127
note	164.922	0.216146	65	127
note	164.922	0.216146	69	127
note	165.139	0.216146	63	127
note	165.139	0.216146	67	127
note	164.922	0.545573	51	127
note	165.357	0.434896	65	127
note	165.577	0.216146	45	127
note	165.794	0.216146	46	127
note	165.357	0.864583	69	127
note	165.794	0.433594	57	127
note	166.013	0.216146	48	127
note	166.23	0.216146	50	127
note	166.23	0.433594	58	127
note	166.449	0.216146	51	127
note	166.667	0.216146	67	127
note	166.667	0.216146	71	127
note	166.884	0.216146	65	127
note	166.884	0.216146	69	127
note	166.667	0.545573	53	127
note	167.322	0.216146	47	127
note	167.103	0.434896	67	127
note	167.54	0.216146	48	127
note	167.103	0.864583	71	127
note	167.758	0.216146	50	127
note	167.54	0.433594	59	127
note	167.977	0.216146	60	127
note	168.194	0.216146	65	127
note	168.411	0.216146	63	127
note	168.411	0.216146	72	127
note	168.63	0.216146	62	127
note	168.63	0.216146	71	127
note	167.977	1.04167	51	127
note	168.848	0.216146	60	127
note	168.848	0.433594	72	127
note	169.066	0.216146	58	127
note	169.284	0.216146	56	127
note	169.501	0.216146	55	127
note	169.284	0.433594	52	127
note	169.284	0.433594	67	127
note	169.72	0.434896	53	127
note	169.72	0.434896	68	127
note	170.158	0.216146	72	127
note	170.375	0.216146	71	127
note	170.158	0.433594	41	127
note	170.158	0.433594	68	127
note	170.594	0.434896	39	127
note	170.594	0.434896	67	127
note	170.594	0.434896	72	127
note	171.031	0.432292	38	127
note	171.031	0.433594	65	127
note	171.031	0.433594	74	127
note	171.466	0.434896	63	127
note	171.466	0.434896	67	127
note	171.905	0.216146	72	127
note	172.122	0.216146	71	127
note	171.905	0.433594	44	127
note	171.905	0.433594	62	127
note	172.34	0.434896	43	127
note	172.34	0.434896	63	127
note	172.34	0.434896	72	127
note	172.777	0.351562	74	127
note	172.777	0.434896	41	127
note	172.777	0.434896	65	127
note	173.215	0.216146	65	127
note	173.215	0.433594	43	127
note	173.215	0.433594	59	127
note	173.434	0.216146	67	127
note	173.651	0.105469	65	127
note	173.759	0.105469	67	127
note	173.651	0.213542	41	127
note	173.867	0.216146	39	127
note	173.651	0.432292	60	127
note	174.086	0.434896	41	127
note	174.086	0.434896	62	127
note	173.867	0.653646	68	127
note	174.523	0.216146	67	127
note	174.741	0.216146	65	127
note	174.523	0.433594	43	127
note	174.523	0.433594	59	127
note	174.96	0.216146	48	127
note	175.177	0.216146	50	127
note	174.96	0.433594	63	127
note	175.395	0.216146	51	127
note	175.395	0.216146	72	127
note	174.96	0.863281	60	127
note	175.613	0.216146	50	127
note	175.613	0.216146	71	127
note	175.831	0.216146	48	127
note	175.831	0.351562	72	127
note	176.049	0.216146	46	127
note	176.267	0.216146	44	127
note	176.484	0.216146	43	127
note	176.267	0.433594	64	127
note	176.267	0.433594	67	127
note	176.703	0.216146	41	127
note	176.921	0.216146	58	127
note	176.703	0.433594	65	127
note	177.139	0.216146	56	127
note	177.139	0.216146	65	127
note	177.357	0.216146	55	127
note	177.357	0.216146	64	127
note	177.574	0.216146	53	127
note	176.703	1.17969	68	127
note	177.574	0.433594	65	127
note	177.793	0.216146	51	127
note	178.01	0.216146	50	127
note	178.01	0.433594	60	127
note	178.01	0.433594	69	127
note	178.229	0.216146	48	127
note	178.447	0.216146	46	127
note	178.664	0.216146	48	127
note	178.447	0.433594	70	127
note	178.883	0.216146	50	127
note	178.883	0.216146	70	127
note	179.1	0.216146	48	127
note	179.1	0.216146	69	127
note	179.319	0.216146	46	127
note	178.447	1.08984	62	127
note	179.319	0.351562	70	127
note	179.536	0.216146	44	127
note	179.754	0.216146	43	127
note	179.754	0.433594	62	127
note	179.754	0.433594	65	127
note	179.973	0.216146	41	127
note	180.19	0.216146	39	127
note	180.19	0.433594	63	127
note	180.409	0.216146	56	127
note	180.626	0.216146	55	127
note	180.626	0.216146	63	127
note	180.844	0.216146	53	127
note	180.844	0.216146	62	127
note	181.062	0.216146	51	127
note	180.19	1.20443	67	127
note	181.28	0.217448	49	127
note	181.062	0.434896	63	127
note	181.5	0.216146	48	127
note	181.717	0.216146	46	127
note	181.5	0.433594	58	127
note	181.936	0.216146	44	127
note	182.154	0.216146	46	127
note	181.5	0.869792	67	127
note	182.371	0.216146	48	127
note	182.371	0.216146	68	127
note	182.59	0.216146	46	127
note	182.59	0.216146	70	127
note	182.807	0.216146	44	127
note	182.807	0.216146	72	127
note	183.026	0.216146	43	127
note	183.026	0.216146	71	127
note	183.243	0.216146	41	127
note	183.243	0.216146	72	127
note	183.461	0.216146	39	127
note	183.461	0.216146	68	127
note	183.68	0.216146	38	127
note	181.936	2.04297	60	127
note	183.897	0.216146	55	127
note	184.116	0.216146	53	127
note	184.116	0.216146	62	127
note	183.68	0.863281	65	127
note	184.333	0.216146	51	127
note	184.333	0.216146	63	127
note	184.551	0.216146	50	127
note	184.551	0.216146	65	127
note	184.77	0.216146	48	127
note	184.77	0.216146	63	127
note	184.987	0.216146	47	127
note	184.987	0.432292	65	127
note	185.206	0.216146	45	127
note	185.206	0.216146	62	127
note	185.423	0.432292	59	127
note	185.861	0.216146	74	127
note	186.078	0.216146	72	127
note	186.297	0.351562	74	127
note	186.734	0.434896	59	127
note	186.734	0.434896	65	127
note	185.423	1.82031	43	127
note	187.172	0.432292	60	127
note	187.389	0.216146	43	127
note	187.172	0.433594	63	127
note	187.608	0.216146	45	127
note	187.608	0.216146	75	127
note	187.826	0.216146	47	127
note	187.826	0.216146	74	127
note	188.044	0.216146	48	127
note	188.044	0.351562	75	127
note	188.262	0.216146	50	127
note	188.479	0.216146	51	127
note	188.479	0.433594	63	127
note	188.479	0.433594	67	127
note	188.698	0.216146	53	127
note	188.915	0.216146	55	127
note	188.915	0.433594	65	127
note	189.134	0.216146	53	127
note	189.352	0.216146	56	127
note	189.352	0.216146	77	127
note	189.569	0.216146	55	127
note	189.569	0.216146	75	127
note	189.788	0.216146	53	127
note	188.915	1.08984	62	127
note	189.788	0.351562	77	127
note	190.005	0.216146	51	127
note	190.224	0.216146	50	127
note	190.441	0.216146	48	127
note	190.224	0.433594	68	127
note	190.659	0.216146	67	127
note	190.224	0.863281	65	127
note	190.659	0.433594	47	127
note	190.878	0.216146	77	127
note	191.095	0.216146	48	127
note	191.095	0.216146	75	127
note	191.314	0.216146	47	127
note	191.314	0.216146	74	127
note	191.531	0.216146	72	127
note	191.749	0.216146	71	127
note	191.531	0.433594	48	127
note	191.967	0.216146	69	127
note	192.185	0.216146	67	127
note	191.967	0.433594	43	127
note	191.967	0.433594	65	127
note	192.404	0.434896	44	127
note	192.404	0.434896	63	127
note	192.404	0.434896	72	127
note	192.841	0.216146	48	127
note	193.059	0.216146	47	127
note	192.841	0.433594	68	127
note	192.841	0.433594	77	127
note	193.276	0.434896	48	127
note	193.276	0.434896	67	127
note	193.276	0.434896	75	127
note	193.714	0.432292	74	127
note	193.714	0.433594	50	127
note	193.714	0.433594	65	127
note	194.15	0.434896	43	127
note	194.15	0.434896	63	127
note	194.587	0.216146	48	127
note	194.587	0.433594	62	127
note	194.587	0.433594	68	127
note	194.806	0.216146	47	127
note	195.023	0.434896	48	127
note	195.023	0.434896	63	127
note	195.023	0.434896	67	127
note	195.461	0.434896	50	127
note	195.461	0.434896	62	127
note	195.461	0.434896	65	127
note	195.898	0.229167	41	127
note	195.898	0.442708	59	127
note	195.898	0.442708	67	127
note	196.132	0.229167	43	127
note	196.363	0.229167	65	127
note	196.596	0.203125	63	127
note	196.363	0.442708	60	127
note	196.363	0.460938	44	127
note	196.828	0.429688	62	127
note	196.828	0.429688	65	127
note	196.828	0.460938	44	127
note	197.294	0.229167	43	127
note	197.294	0.416667	59	127
note	197.294	0.416667	62	127
note	197.526	0.229167	41	127
note	197.78	0.509115	62	127
note	197.78	0.509115	68	127
note	197.78	0.509115	59	127
note	197.78	1.53646	39	127
note	198.335	1.0026	67	127
note	198.335	1.0026	60	127
note	199.383	0.509115	51	127
note	199.383	0.509115	60	127
note	199.383	0.509115	69	127
note	199.896	0.252604	65	127
note	200.152	0.252604	62	127
note	199.896	0.509115	50	127
note	199.896	0.509115	71	127
note	200.409	0.252604	63	127
note	200.409	0.507812	48	127
note	200.409	0.509115	72	127
note	200.923	0.252604	65	127
note	200.665	0.757812	60	127
note	201.18	0.252604	63	127
note	200.923	0.509115	55	127
note	201.436	0.252604	62	127
note	201.436	0.325521	59	127
note	201.693	0.252604	60	127
note	201.436	0.509115	43	127
note	202.464	0.252604	72	127
note	202.72	0.252604	71	127
note	202.977	0.509115	72	127
note	201.949	1.53646	60	127
note	203.49	0.509115	64	127
note	203.49	0.509115	67	127
note	201.949	2.04948	48	127
note	204.003	0.509115	68	127
note	204.517	0.252604	72	127
note	204.773	0.252604	71	127
note	205.03	0.509115	72	127
note	204.003	1.53646	65	127
note	205.543	0.509115	65	127
note	205.543	0.509115	68	127
note	205.543	0.509115	71	127
note	205.543	0.509115	74	127
note	204.003	2.04948	48	127
note	206.057	0.509115	65	127
note	206.057	0.509115	67	127
note	206.57	0.252604	63	127
note	206.57	0.252604	72	127
note	206.827	0.252604	62	127
note	206.827	0.252604	71	127
note	207.083	0.509115	63	127
note	207.083	0.509115	72	127
note	207.598	0.509115	65	127
note	207.598	0.509115	68	127
note	207.598	0.509115	74	127
note	208.132	0.266927	65	127
note	208.402	0.266927	67	127
note	208.132	1.08073	59	127
note	208.132	1.08073	62	127
note	208.674	1.17188	68	127
note	209.956	0.333333	67	127
note	209.279	1.01302	65	127
note	206.057	4.48568	48	127
note	210.293	0.333333	65	127
note	209.279	1.34766	59	127
note	209.279	1.34766	62	127
note	201.949	13.9805	36	127
note	210.63	5.38932	48	127
note	210.63	5.38932	55	127
note	210.63	5.38932	60	127
note	210.63	5.38932	64	127
