note	0.415365	0.317708	66	127
note	0.742188	0.364583	64	127
note	1.07422	0.317708	63	127
note	1.39974	0.639323	64	127
note	1.73568	0.315104	61	127
note	0.0833333	2.1224	68	127
note	2.38542	0.682292	73	127
note	2.22135	1.14323	68	127
note	2.05859	1.3125	64	127
note	3.0651	0.307292	71	127
note	3.3724	0.654948	66	127
note	3.3724	0.654948	69	127
note	4.03125	0.325521	56	127
note	4.36198	0.317708	54	127
note	4.03125	0.739583	69	127
note	4.76562	0.130208	68	127
note	4.6888	0.325521	52	127
note	0.0833333	4.9362	49	127
note	4.89193	0.130208	69	127
note	5.02083	0.317708	51	127
note	5.34635	0.325521	52	127
note	6.00521	0.251302	52	127
note	6.16927	0.251302	56	127
note	6.33333	0.654948	61	127
note	6.99219	0.325521	59	127
note	4.03125	3.28776	64	127
note	5.01823	2.32552	68	127
note	5.67578	2.29427	49	127
note	7.32031	0.654948	66	127
note	7.32031	0.654948	57	127
note	8.3112	0.317708	73	127
note	8.63672	0.325521	72	127
note	8.96875	0.317708	70	127
note	9.29427	0.638021	72	127
note	9.6237	0.316406	68	127
note	7.97917	2.1224	75	127
note	10.2812	0.683594	80	127
note	10.9661	0.291667	78	127
note	10.1172	1.14323	75	127
note	9.95182	1.3125	68	127
note	7.97917	3.28646	56	127
note	7.97917	3.28646	48	127
note	11.2682	0.654948	76	127
note	11.2682	0.654948	68	127
note	11.2682	0.654948	73	127
note	11.2682	0.654948	61	127
note	11.2682	0.654948	49	127
note	11.9258	0.325521	63	127
note	12.2578	0.317708	61	127
note	12.2552	0.325521	76	127
note	12.5833	0.325521	60	127
note	12.9154	0.317708	58	127
note	13.2422	0.325521	60	127
note	11.9258	1.64323	56	127
note	13.8997	0.161458	60	127
note	14.0638	0.161458	63	127
note	14.2292	0.654948	66	127
note	12.1146	3.08984	72	127
note	14.8867	0.325521	64	127
note	12.5833	2.62891	75	127
note	11.9258	3.28776	68	127
note	15.2161	0.639323	80	127
note	15.2161	0.654948	68	127
note	15.2161	0.654948	72	127
note	15.2161	0.654948	63	127
note	15.8737	0.160156	75	127
note	16.0378	0.160156	73	127
note	16.2031	0.291667	72	127
note	16.5312	0.325521	73	127
note	16.8594	0.291667	76	127
note	17.1888	0.144531	81	127
note	17.3529	0.144531	80	127
note	15.8737	1.96875	69	127
note	15.8737	1.97005	64	127
note	13.5703	4.28255	56	127
note	17.5156	0.660156	81	127
note	18.1823	0.291667	80	127
note	18.5052	0.339844	78	127
note	18.8398	0.291667	76	127
note	19.1628	0.339844	75	127
note	19.4987	0.291667	73	127
note	17.8464	1.96875	69	127
note	19.8203	0.161458	73	127
note	19.9844	0.161458	71	127
note	20.1497	0.325521	69	127
note	20.4792	0.325521	71	127
note	20.8073	0.325521	75	127
note	21.1367	0.148438	80	127
note	21.3008	0.148438	78	127
note	19.8203	1.96875	68	127
note	17.8464	3.94401	63	127
note	17.8464	3.94401	54	127
note	21.4661	0.64974	80	127
note	22.1302	0.291667	78	127
note	22.4531	0.339844	76	127
note	22.7878	0.291667	75	127
note	23.1107	0.339844	73	127
note	23.4492	0.291667	71	127
note	21.7943	1.96875	68	127
note	23.7747	0.161458	71	127
note	23.9362	0.161458	69	127
note	24.0977	0.325521	68	127
note	24.4245	0.325521	69	127
note	24.7552	0.325521	73	127
note	25.0833	0.328125	75	127
note	25.2617	0.161458	76	127
note	21.7943	3.94401	61	127
note	21.7943	3.94401	52	127
note	23.7721	1.96875	66	127
note	25.4401	0.627604	78	127
note	26.0768	0.291667	76	127
note	26.3997	0.339844	75	127
note	26.7357	0.291667	73	127
note	27.0573	0.40625	71	127
note	27.4596	0.207031	69	127
note	25.7422	1.96875	66	127
note	25.7422	1.97005	51	127
note	25.7422	1.97005	59	127
note	28.0469	0.317708	57	127
note	27.7161	0.684896	69	127
note	28.3997	0.161458	68	127
note	28.3737	0.325521	56	127
note	28.5326	0.167969	69	127
note	28.7057	0.317708	54	127
note	29.0312	0.325521	56	127
note	27.7161	1.64323	52	127
note	27.7161	1.96875	64	127
note	29.6901	0.161458	56	127
note	29.8542	0.161458	59	127
note	28.681	1.92578	68	127
note	30.0182	0.654948	64	127
note	30.6758	0.300781	66	127
note	30.6758	0.325521	63	127
note	31.0039	0.161458	69	127
note	31.1693	0.161458	68	127
note	29.3607	2.29427	52	127
note	31.0039	0.654948	61	127
note	31.3333	0.654948	69	127
note	32.0026	0.291667	68	127
note	32.3203	0.33724	66	127
note	32.6615	0.291667	64	127
note	32.9792	0.651042	66	127
note	31.6628	1.97005	60	127
note	33.3073	0.664062	63	127
note	33.6367	0.33724	75	127
note	33.9779	0.291667	73	127
note	33.6367	0.983073	56	127
note	34.2943	0.33724	72	127
note	34.6354	0.291667	70	127
note	34.6328	0.325521	54	127
note	35.293	0.291667	68	127
note	31.6628	3.9401	51	127
note	34.9531	0.651042	72	127
note	35.6133	0.33724	81	127
note	35.9518	0.291667	80	127
note	34.9531	1.64323	56	127
note	36.2682	0.33724	78	127
note	36.6094	0.291667	76	127
note	36.6068	0.325521	61	127
note	37.2669	0.291667	75	127
note	36.9271	0.651042	78	127
note	36.9271	0.654948	63	127
note	37.9258	0.291667	75	127
note	35.6107	2.94531	49	127
note	38.2409	0.33724	73	127
note	38.582	0.291667	71	127
note	38.5794	0.325521	51	127
note	37.5833	1.625	61	127
note	38.8997	0.33724	73	127
note	39.2396	0.291667	70	127
note	38.8997	0.654948	52	127
note	39.5573	0.325521	46	127
note	39.5573	0.33724	68	127
note	39.8893	0.317708	51	127
note	37.5833	2.94531	76	127
note	40.2148	0.325521	49	127
note	39.8867	0.654948	67	127
note	40.5469	0.317708	47	127
note	40.5443	0.325521	68	127
note	40.5443	0.325521	75	127
note	40.8737	0.161458	70	127
note	40.8737	0.325521	49	127
note	41.0391	0.161458	68	127
note	41.2057	0.317708	46	127
note	40.8737	0.64974	73	127
note	41.2031	0.325521	70	127
note	41.5312	0.325521	43	127
note	41.8633	0.317708	47	127
note	41.5312	0.983073	63	127
note	41.5312	0.983073	73	127
note	42.1901	0.325521	46	127
note	42.5208	0.317708	44	127
note	42.5182	0.325521	65	127
note	42.5182	0.325521	71	127
note	42.8477	0.161458	67	127
note	43.0117	0.161458	65	127
note	42.8477	0.325521	46	127
note	43.1797	0.317708	43	127
note	42.8477	0.983073	70	127
note	43.1771	0.654948	67	127
note	43.8464	0.291667	68	127
note	44.1641	0.33724	67	127
note	44.5039	0.291667	65	127
note	44.8203	0.636719	67	127
note	43.5052	2.29948	37	127
note	45.6432	0.324219	70	127
note	45.8099	0.317708	49	127
note	46.1367	0.325521	47	127
note	45.1628	1.5625	63	127
note	46.4674	0.317708	46	127
note	45.4779	1.3125	67	127
note	46.7943	0.325521	47	127
note	47.1263	0.317708	44	127
note	47.4518	0.161458	52	127
note	45.8073	1.96875	75	127
note	47.6172	0.161458	51	127
note	47.793	0.291667	72	127
note	47.7812	0.654948	52	127
note	48.1107	0.33724	73	127
note	48.4505	0.291667	75	127
note	48.4479	0.317708	51	127
note	48.7682	0.33724	76	127
note	49.1094	0.291667	75	127
note	46.7943	2.61979	68	127
note	48.7682	0.654948	49	127
note	49.4271	0.33724	73	127
note	49.7617	0.654948	71	127
note	50.4258	0.291667	73	127
note	49.4271	1.3125	68	127
note	49.4271	1.3125	51	127
note	50.7422	0.207031	71	127
note	50.9466	0.161458	70	127
note	51.0977	0.161458	68	127
note	50.7422	0.64974	67	127
note	50.7422	0.654948	39	127
note	51.2487	0.201823	70	127
note	51.401	0.325521	44	127
note	51.7318	0.317708	49	127
note	52.0573	0.325521	47	127
note	52.3893	0.317708	46	127
note	52.7148	0.325521	47	127
note	53.0469	0.317708	44	127
note	53.3737	0.325521	47	127
note	53.7044	0.317708	51	127
note	54.0312	0.479167	56	127
note	51.7812	2.89844	68	127
note	51.5898	3.08984	63	127
note	54.3633	0.317708	52	127
note	51.401	3.28516	59	127
note	54.6888	0.161458	71	127
note	54.8333	0.161458	70	127
note	55.0208	0.317708	51	127
note	54.6888	0.64974	54	127
note	54.9779	0.686198	71	127
note	55.3477	0.325521	49	127
note	55.6875	0.291667	68	127
note	55.6784	0.317708	51	127
note	56.0052	0.325521	49	127
note	56.0052	0.33724	70	127
note	56.3464	0.291667	73	127
note	56.3372	0.317708	47	127
note	56.6628	0.325521	49	127
note	55.3477	1.96875	52	127
note	57.3216	0.161458	54	127
note	57.4766	0.161458	52	127
note	56.6628	0.983073	76	127
note	57.651	0.325521	75	127
note	57.9792	0.325521	76	127
note	57.6367	0.669271	54	127
note	58.3203	0.291667	80	127
note	58.3177	0.325521	56	127
note	56.9922	1.66276	46	127
note	58.638	0.632812	58	127
note	58.638	0.654948	78	127
note	59.2943	0.161458	59	127
note	59.4596	0.161458	58	127
note	59.6367	0.291667	73	127
note	59.9518	0.33724	71	127
note	60.293	0.291667	70	127
note	59.6237	1.97005	59	127
note	61.6107	0.317708	59	127
note	61.9362	0.325521	57	127
note	60.9388	1.63672	66	127
note	61.2682	1.3125	63	127
note	60.6107	1.97005	71	127
note	59.2943	3.28776	75	127
note	62.2682	0.317708	56	127
note	62.5951	0.325521	57	127
note	62.9258	0.317708	54	127
note	63.2526	0.325521	51	127
note	62.5951	0.983073	73	127
note	63.5938	0.291667	70	127
note	63.5911	0.317708	52	127
note	63.9102	0.325521	51	127
note	63.9102	0.33724	72	127
note	64.2513	0.291667	75	127
note	64.2487	0.317708	49	127
note	64.569	0.33724	78	127
note	64.9089	0.291667	80	127
note	64.9062	0.317708	48	127
note	65.2266	0.33724	81	127
note	65.5677	0.291667	80	127
note	65.2266	0.983073	44	127
note	65.8854	0.33724	78	127
note	66.2253	0.291667	76	127
note	64.569	1.96875	51	127
note	66.2227	0.325521	46	127
note	66.543	0.427083	78	127
note	66.8841	0.291667	75	127
note	66.543	0.654948	48	127
note	67.5417	0.291667	75	127
note	67.8581	0.33724	73	127
note	68.1979	0.291667	72	127
note	67.1992	2.32422	49	127
note	69.5273	0.317708	51	127
note	69.8529	0.325521	52	127
note	70.1836	0.317708	54	127
note	70.5104	0.325521	56	127
note	68.5156	2.61979	73	127
note	68.8451	2.29427	68	127
note	70.8424	0.317708	57	127
note	69.1732	2.04427	64	127
note	67.1992	4.28255	76	127
note	71.5091	0.291667	74	127
note	71.8268	0.33724	77	127
note	72.1667	0.291667	80	127
note	72.1641	0.325521	61	127
note	71.168	1.64323	59	127
note	72.8138	0.325521	59	127
note	72.4844	0.983073	83	127
note	73.4831	0.291667	74	127
note	72.4844	1.3125	62	127
note	73.8008	0.33724	73	127
note	74.1419	0.291667	71	127
note	73.8008	0.654948	56	127
note	74.4583	0.33724	69	127
note	74.7995	0.291667	68	127
note	73.1419	1.96875	53	127
note	75.1172	0.161458	69	127
note	75.2669	0.161458	68	127
note	74.4583	0.983073	61	127
note	75.4479	0.317708	59	127
note	75.7747	0.325521	57	127
note	76.1068	0.317708	56	127
note	75.1172	1.63411	54	127
note	76.431	0.325521	57	127
note	75.4206	1.97005	69	127
note	77.4297	0.291667	68	127
note	77.0898	0.983073	66	127
note	77.7474	0.33724	69	127
note	78.0885	0.291667	73	127
note	78.0859	0.325521	64	127
note	78.4049	0.325521	63	127
note	76.7604	2.29427	54	127
note	78.7344	0.325521	61	127
note	78.4062	0.983073	78	127
note	79.4036	0.291667	76	127
note	79.0638	0.983073	59	127
note	79.0638	0.983073	56	127
note	79.7214	0.33724	75	127
note	80.0625	0.291667	73	127
note	80.0599	0.317708	57	127
note	80.0599	0.325521	61	127
note	80.3789	0.33724	71	127
note	80.7201	0.291667	69	127
note	80.3789	0.654948	59	127
note	81.0378	0.16276	69	127
note	81.2018	0.16276	68	127
note	81.3672	0.325521	66	127
note	80.3789	1.64193	63	127
note	81.694	0.341146	68	127
note	82.0365	0.291667	71	127
note	82.0339	0.325521	56	127
note	82.3542	0.325521	61	127
note	82.6823	0.325521	60	127
note	83.013	0.147135	61	127
note	83.1641	0.147135	60	127
note	82.3542	0.983073	76	127
note	83.3529	0.291667	75	127
note	81.0378	2.94531	52	127
note	83.668	0.33724	73	127
note	84.0104	0.291667	71	127
note	84.0078	0.317708	51	127
note	84.3268	0.33724	69	127
note	84.6667	0.291667	68	127
note	84.3268	0.654948	49	127
note	84.9844	0.161458	68	127
note	85.1562	0.161458	66	127
note	85.3138	0.325521	64	127
note	83.3151	2.61979	61	127
note	85.6419	0.325521	66	127
note	85.9831	0.291667	69	127
note	85.9805	0.325521	60	127
note	86.3008	0.324219	72	127
note	86.3008	0.325521	61	127
note	86.474	0.324219	73	127
note	84.9844	1.96875	51	127
note	86.6289	0.325521	58	127
note	86.9583	0.161458	60	127
note	86.6445	0.635417	75	127
note	87.1224	0.161458	58	127
note	87.2995	0.291667	73	127
note	86.9583	0.983073	56	127
note	87.2878	0.654948	60	127
note	87.6159	0.33724	72	127
note	87.957	0.291667	70	127
note	87.9544	0.317708	58	127
note	87.9544	0.325521	61	127
note	88.2747	0.33724	68	127
note	88.6146	0.291667	66	127
note	88.2747	0.654948	60	127
note	88.2747	0.654948	63	127
note	88.9323	0.169271	66	127
note	89.112	0.164062	64	127
note	89.2891	0.291667	63	127
note	89.5872	0.325521	64	127
note	89.9219	0.317708	59	127
note	89.9193	0.325521	68	127
note	90.2487	0.325521	57	127
note	90.5807	0.317708	56	127
note	88.9323	1.96875	61	127
note	90.2487	0.983073	73	127
note	91.2474	0.291667	71	127
note	90.9049	0.983073	57	127
note	91.5638	0.33724	69	127
note	91.9036	0.291667	68	127
note	91.901	0.317708	59	127
note	92.5625	0.291667	66	127
note	92.2214	0.651042	69	127
note	92.2214	0.654948	61	127
note	92.8789	0.161458	62	127
note	93.0482	0.161458	61	127
note	92.8789	0.33724	78	127
note	93.2201	0.291667	76	127
note	90.9049	2.94531	54	127
note	93.5378	0.33724	74	127
note	93.8776	0.291667	73	127
note	93.875	0.317708	52	127
note	94.5365	0.291667	69	127
note	94.1953	0.645833	54	127
note	94.1953	0.651042	74	127
note	93.2174	1.64323	62	127
note	94.8529	0.33724	81	127
note	95.194	0.291667	80	127
note	94.8529	0.983073	51	127
note	95.5117	0.33724	78	127
note	95.8516	0.291667	76	127
note	95.849	0.317708	54	127
note	96.1693	0.520833	78	127
note	94.8529	1.96875	60	127
note	96.1693	0.955729	57	127
note	97.1589	0.317708	56	127
note	96.8268	0.64974	66	127
note	97.4857	0.325521	54	127
note	97.8164	0.317708	52	127
note	96.8268	1.3125	84	127
note	98.1419	0.325521	54	127
note	96.4987	2.2526	75	127
note	98.4714	0.30599	80	127
note	98.474	0.317708	51	127
note	98.8008	0.325521	52	127
note	99.1315	0.317708	51	127
note	99.4583	0.325521	49	127
note	98.8008	0.983073	75	127
note	99.7995	0.291667	76	127
note	99.7969	0.317708	47	127
note	100.116	0.325521	49	127
note	100.445	0.311198	45	127
note	100.116	0.654948	72	127
note	100.775	0.161458	57	127
note	100.934	0.161458	56	127
note	98.8008	2.29427	80	127
note	101.115	0.291667	78	127
note	101.432	0.33724	76	127
note	101.773	0.291667	75	127
note	100.775	1.64323	73	127
note	102.09	0.33724	76	127
note	102.749	0.161458	75	127
note	101.095	1.97005	57	127
note	102.921	0.161458	76	127
note	103.09	0.317708	56	127
note	103.406	0.325521	54	127
note	102.419	1.3125	73	127
note	103.738	0.317708	52	127
note	103.736	0.325521	72	127
note	104.064	0.325521	54	127
note	104.393	0.311198	51	127
note	104.064	0.654948	75	127
note	103.092	1.94661	78	127
note	105.062	0.291667	76	127
note	104.723	0.654948	60	127
note	105.379	0.33724	75	127
note	105.72	0.291667	73	127
note	105.379	0.654948	58	127
note	104.723	1.64323	68	127
note	106.036	0.33724	75	127
note	106.036	0.654948	60	127
note	106.695	0.161458	76	127
note	106.854	0.161458	75	127
note	106.695	0.325521	61	127
note	107.027	0.317708	59	127
note	107.353	0.325521	57	127
note	107.685	0.317708	56	127
note	107.682	0.325521	73	127
note	106.366	1.64193	68	127
note	108.012	0.325521	57	127
note	108.012	0.325521	66	127
note	108.34	0.325521	68	127
note	107.012	1.96875	76	127
note	109.01	0.291667	75	127
note	108.34	0.983073	54	127
note	109.327	0.33724	76	127
note	109.668	0.291667	78	127
note	109.327	0.654948	54	127
note	108.669	1.3125	66	127
note	109.986	0.33724	80	127
note	110.326	0.291667	81	127
note	108.669	1.96875	69	127
note	109.986	0.983073	66	127
note	110.643	0.410156	73	127
note	111.042	0.122396	72	127
note	110.975	0.317708	64	127
note	111.172	0.122396	73	127
note	111.301	0.325521	63	127
note	111.301	0.33724	72	127
note	111.642	0.291667	73	127
note	111.633	0.317708	61	127
note	111.958	0.325521	60	127
note	112.289	0.317708	58	127
note	110.643	1.96875	68	127
note	111.958	0.654948	75	127
note	112.616	0.325521	56	127
note	112.781	0.161458	61	127
note	112.948	0.317708	54	127
note	113.111	0.161458	64	127
note	113.273	0.325521	52	127
note	113.605	0.317708	51	127
note	113.932	0.325521	49	127
note	114.263	0.317708	47	127
note	112.616	1.96875	60	127
note	112.945	1.64323	63	127
note	113.273	1.80599	66	127
note	114.931	0.291667	64	127
note	114.59	0.983073	45	127
note	115.249	0.33724	63	127
note	115.589	0.291667	61	127
note	115.586	0.317708	47	127
note	115.906	0.625	63	127
note	116.247	0.291667	60	127
note	115.906	0.654948	44	127
note	116.893	0.317708	68	127
note	116.564	0.983073	42	127
note	116.564	0.983073	69	127
note	117.223	0.325521	66	127
note	117.551	0.317708	64	127
note	117.553	0.317708	44	127
note	117.88	0.625	66	127
note	118.21	0.317708	63	127
note	117.88	0.654948	40	127
note	118.867	0.325521	69	127
note	119.195	0.325521	68	127
note	118.538	0.983073	39	127
note	118.538	0.983073	72	127
note	119.526	0.317708	40	127
note	119.523	0.325521	66	127
note	119.853	0.625	68	127
note	120.182	0.325521	63	127
note	119.853	0.654948	42	127
note	120.84	0.325521	73	127
note	120.51	0.983073	36	127
note	120.51	0.983073	75	127
note	121.169	0.325521	72	127
note	121.5	0.317708	39	127
note	121.497	0.325521	70	127
note	121.827	0.339844	72	127
note	121.827	0.654948	42	127
note	122.156	0.625	68	127
note	122.484	0.365885	40	127
note	122.484	0.69401	80	127
note	122.849	0.342448	52	127
note	123.197	0.325521	54	127
note	123.197	0.325521	78	127
note	123.538	0.291667	76	127
note	123.529	0.317708	56	127
note	123.854	0.325521	57	127
note	123.854	0.325521	75	127
note	124.195	0.291667	73	127
note	124.186	0.317708	54	127
note	124.513	0.325521	51	127
note	124.513	0.325521	72	127
note	124.853	0.291667	73	127
note	124.844	0.317708	52	127
note	125.169	0.325521	54	127
note	125.169	0.325521	75	127
note	125.512	0.291667	78	127
note	125.501	0.317708	51	127
note	125.827	0.161458	69	127
note	125.827	0.325521	48	127
note	125.992	0.161458	68	127
note	126.159	0.317708	49	127
note	126.156	0.64974	69	127
note	126.486	0.325521	51	127
note	126.814	0.317708	68	127
note	126.816	0.317708	48	127
note	127.143	0.325521	44	127
note	127.143	0.325521	69	127
note	127.473	0.238281	66	127
note	127.475	0.328125	46	127
note	127.807	0.147135	78	127
note	127.962	0.147135	80	127
note	127.811	0.325521	48	127
note	128.143	0.317708	49	127
note	128.47	0.325521	51	127
note	128.801	0.317708	52	127
note	128.118	1.01823	81	127
note	129.128	0.325521	54	127
note	129.128	0.325521	80	127
note	129.469	0.291667	78	127
note	129.46	0.317708	56	127
note	129.785	0.325521	58	127
note	129.785	0.325521	76	127
note	130.126	0.291667	75	127
note	130.117	0.317708	60	127
note	130.454	0.33724	61	127
note	130.815	0.326823	59	127
note	130.814	0.33724	75	127
note	131.154	0.33724	73	127
note	131.154	0.33724	57	127
note	131.493	0.332031	56	127
note	131.492	0.33724	72	127
note	130.454	1.69531	76	127
note	131.831	0.33724	57	127
note	131.831	0.670573	73	127
note	132.172	0.33724	81	127
note	132.172	0.33724	54	127
note	132.68	0.166667	75	127
note	132.85	0.677083	76	127
note	132.51	1.35547	73	127
note	133.53	0.33724	78	127
note	133.868	0.166667	72	127
note	133.868	0.166667	76	127
note	134.039	0.166667	75	127
note	134.208	0.166667	73	127
note	134.378	0.166667	75	127
note	133.868	0.675781	44	127
note	132.51	2.36849	56	127
note	134.94	0.317708	71	127
note	134.94	0.33724	56	127
note	135.279	0.33724	70	127
note	135.279	0.33724	55	127
note	135.617	0.317708	68	127
note	135.617	0.33724	56	127
note	135.957	0.33724	67	127
note	135.957	0.33724	58	127
note	136.296	0.317708	68	127
note	136.296	0.33724	51	127
note	136.635	0.33724	68	127
note	134.557	3.01693	46	127
note	134.557	3.03906	73	127
note	136.635	1.01693	52	127
note	137.676	0.33724	47	127
note	137.676	0.33724	76	127
note	138.016	0.677083	49	127
note	138.016	0.677083	75	127
note	136.975	2.04167	67	127
note	139.064	0.332031	68	127
note	139.064	0.345052	51	127
note	139.411	0.345052	70	127
note	139.411	0.345052	49	127
note	139.759	0.332031	68	127
note	139.759	0.345052	47	127
note	140.107	0.345052	71	127
note	140.107	0.345052	49	127
note	140.454	0.332031	70	127
note	140.454	0.345052	52	127
note	140.803	0.170573	55	127
note	140.975	0.170573	53	127
note	138.695	3.11328	43	127
note	138.695	3.11328	76	127
note	141.844	0.345052	72	127
note	141.844	0.345052	44	127
note	142.193	0.692708	73	127
note	142.193	0.692708	46	127
note	141.15	1.73828	55	127
note	140.803	2.4362	70	127
note	143.311	0.345052	75	127
note	143.671	0.356771	76	127
note	144.031	0.345052	75	127
note	144.389	0.356771	73	127
note	142.93	2.15365	39	127
note	144.75	0.345052	71	127
note	145.109	0.356771	70	127
note	145.47	0.345052	68	127
note	145.829	0.356771	67	127
note	146.189	0.345052	65	127
note	142.93	3.60417	79	127
note	146.549	0.356771	66	127
note	146.909	0.345052	63	127
note	146.549	0.710938	72	127
note	146.549	0.710938	80	127
note	147.29	0.369792	64	127
note	147.664	0.358073	71	127
note	147.664	0.369792	63	127
note	148.036	0.369792	69	127
note	148.036	0.369792	61	127
note	148.41	0.358073	68	127
note	148.41	0.369792	59	127
note	148.784	0.369792	66	127
note	148.784	0.369792	57	127
note	149.158	0.358073	69	127
note	149.158	0.369792	54	127
note	149.531	0.369792	56	127
note	149.904	0.369792	51	127
note	147.29	3.34505	73	127
note	150.277	0.369792	52	127
note	149.531	1.11719	64	127
note	150.652	0.358073	75	127
note	150.652	0.369792	66	127
note	150.652	0.369792	49	127
note	151.025	0.369792	63	127
note	151.025	0.739583	72	127
note	151.025	0.739583	44	127
note	151.398	0.798177	66	127
note	151.398	1.23568	56	127
note	152.247	0.428385	68	127
note	152.68	0.428385	69	127
note	153.111	0.428385	66	127
note	152.68	0.859375	54	127
note	151.816	1.72396	61	127
note	151.816	2.15755	73	127
note	153.543	0.852865	63	127
note	153.974	0.428385	72	127
note	153.543	0.859375	57	127
note	154.878	4.49349	73	127
note	154.642	4.72917	68	127
note	154.406	4.96484	65	127
note	154.406	4.96484	56	127
note	151.816	7.55469	49	127
note	160.69	1.70964	49	127
note	162.405	0.852865	48	127
note	163.263	0.852865	52	127
note	164.121	1.70964	51	127
note	165.835	0.438802	49	127
note	166.279	0.438802	51	127
note	165.835	1.76432	56	127
note	166.723	1.32552	52	127
note	168.053	0.217448	51	127
note	168.275	0.217448	49	127
note	167.611	0.882812	55	127
note	168.496	0.438802	51	127
note	168.496	0.882812	59	127
note	168.941	0.438802	56	127
note	169.384	0.438802	49	127
note	169.828	0.217448	51	127
note	170.048	0.217448	52	127
note	169.384	1.76432	58	127
note	170.271	1.32552	54	127
note	171.602	0.438802	52	127
note	171.158	0.882812	56	127
note	172.044	0.446615	51	127
note	172.495	0.446615	49	127
note	172.044	0.897135	61	127
note	172.044	1.34766	57	127
note	173.397	0.221354	56	127
note	173.621	0.221354	54	127
note	172.945	0.897135	51	127
note	172.945	0.897135	60	127
note	173.848	0.446615	56	127
note	174.297	0.446615	61	127
note	173.848	0.897135	64	127
note	174.747	0.447917	54	127
note	173.848	1.34766	49	127
note	175.202	0.221354	56	127
note	175.202	0.441406	47	127
note	175.424	0.221354	57	127
note	175.651	0.446615	45	127
note	174.747	1.79948	63	127
note	176.102	0.446615	44	127
note	175.651	1.34766	59	127
note	176.551	0.897135	45	127
note	176.551	0.897135	61	127
note	177.003	0.446615	57	127
note	177.454	0.446615	56	127
note	177.905	0.446615	54	127
note	177.454	0.897135	46	127
note	177.454	1.34766	66	127
note	178.803	0.446615	64	127
note	178.353	0.897135	48	127
note	178.353	0.897135	56	127
note	179.255	0.446615	54	127
note	179.255	0.446615	63	127
note	179.255	0.897135	49	127
note	179.707	0.446615	52	127
note	179.707	0.446615	61	127
note	180.158	0.446615	44	127
note	180.605	0.446615	45	127
note	180.158	0.897135	61	127
note	180.158	1.34896	51	127
note	181.056	0.902344	68	127
note	181.056	0.902344	59	127
note	181.509	0.450521	50	127
note	181.056	1.35417	47	127
note	182.417	0.450521	45	127
note	181.965	0.902344	61	127
note	181.965	0.902344	65	127
note	182.868	0.450521	44	127
note	181.965	1.80469	49	127
note	182.868	0.903646	69	127
note	183.324	0.450521	42	127
note	182.868	1.35547	66	127
note	184.229	0.450521	64	127
note	183.777	0.902344	68	127
note	184.685	0.450521	63	127
note	183.777	1.80469	49	127
note	185.138	0.450521	61	127
note	184.685	0.903646	73	127
note	184.685	1.35677	45	127
note	184.685	1.80729	66	127
note	185.591	0.903646	63	127
note	185.591	0.903646	72	127
note	186.047	0.450521	44	127
note	186.5	0.450521	42	127
note	186.5	0.903646	68	127
note	186.5	0.903646	76	127
note	186.956	0.450521	40	127
note	186.5	1.80729	73	127
note	187.862	0.450521	69	127
note	187.409	0.903646	42	127
note	187.409	0.903646	75	127
note	188.316	0.450521	68	127
note	188.77	0.450521	66	127
note	188.316	0.903646	44	127
note	189.224	0.450521	45	127
note	189.224	0.450521	65	127
note	188.316	1.80729	71	127
note	189.678	0.450521	44	127
note	189.678	0.450521	61	127
note	189.224	1.35547	73	127
note	190.133	0.450521	45	127
note	190.133	0.903646	66	127
note	190.133	0.903646	69	127
note	190.587	0.450521	47	127
note	190.587	0.450521	75	127
note	191.04	0.450521	49	127
note	191.04	0.450521	76	127
note	191.04	0.903646	68	127
note	191.495	0.450521	47	127
note	191.495	0.450521	75	127
note	191.948	0.450521	49	127
note	191.948	0.903646	73	127
note	192.402	0.450521	51	127
note	191.948	1.35547	69	127
note	191.04	2.71354	64	127
note	193.309	0.450521	68	127
note	192.857	0.902344	52	127
note	192.857	0.902344	71	127
note	193.762	0.450521	66	127
note	193.762	0.903646	56	127
note	193.762	0.903646	73	127
note	193.762	0.903646	68	127
note	194.217	0.450521	64	127
note	193.762	1.35547	49	127
note	194.671	0.902344	55	127
note	194.671	0.902344	63	127
note	194.671	0.902344	75	127
note	194.671	0.902344	70	127
note	195.124	0.450521	47	127
note	195.578	0.450521	46	127
note	196.031	0.450521	44	127
note	195.578	0.903646	59	127
note	195.578	1.80729	68	127
note	196.484	0.903646	49	127
note	196.939	0.450521	76	127
note	197.392	0.450521	75	127
note	196.484	1.80729	58	127
note	197.392	0.903646	51	127
note	197.392	0.903646	67	127
note	197.848	0.450521	73	127
note	198.301	0.450521	56	127
note	198.301	0.450521	71	127
note	198.301	0.903646	44	127
note	198.301	0.903646	68	127
note	198.767	0.450521	75	127
note	198.767	0.450521	57	127
note	199.233	0.450521	56	127
note	199.686	0.450521	54	127
note	199.233	0.903646	59	127
note	199.233	1.35547	80	127
note	200.592	0.450521	78	127
note	200.142	0.902344	61	127
note	200.142	0.902344	53	127
note	201.046	0.450521	80	127
note	201.046	0.903646	57	127
note	201.5	0.450521	81	127
note	201.5	0.450521	61	127
note	201.954	0.450521	63	127
note	202.408	0.450521	61	127
note	202.865	0.450521	63	127
note	203.316	0.450521	65	127
note	201.954	1.8125	56	127
note	201.954	2.26823	83	127
note	203.771	0.903646	66	127
note	204.225	0.450521	81	127
note	204.678	0.450521	80	127
note	204.678	0.903646	69	127
note	204.678	0.903646	61	127
note	205.133	0.450521	78	127
note	205.587	0.222656	80	127
note	205.814	0.222656	78	127
note	203.771	2.26823	54	127
note	206.04	0.222656	76	127
note	206.04	0.222656	56	127
note	206.268	0.222656	75	127
note	206.268	0.222656	54	127
note	205.587	0.903646	68	127
note	205.587	0.903646	60	127
note	206.493	0.450521	52	127
note	206.723	0.222656	71	127
note	206.948	0.222656	69	127
note	206.948	0.222656	54	127
note	207.174	0.222656	68	127
note	207.174	0.222656	56	127
note	206.493	0.903646	64	127
note	207.404	0.450521	66	127
note	207.404	0.450521	57	127
note	206.493	1.80729	73	127
note	207.857	0.450521	69	127
note	207.857	0.450521	54	127
note	208.312	0.450521	68	127
note	207.404	1.80729	63	127
note	208.764	0.450521	66	127
note	208.312	0.903646	56	127
note	208.312	1.35547	71	127
note	209.217	0.902344	65	127
note	209.671	0.450521	73	127
note	210.125	0.450521	71	127
note	210.578	0.450521	69	127
note	210.125	1.35547	66	127
note	209.217	2.71484	61	127
note	209.217	2.71484	49	127
note	211.034	0.902344	68	127
note	211.939	0.450521	70	127
note	211.939	0.903646	47	127
note	212.395	0.450521	71	127
note	212.848	0.450521	54	127
note	213.301	0.450521	56	127
note	212.848	0.903646	73	127
note	212.848	0.903646	46	127
note	211.486	2.26823	64	127
note	213.757	0.450521	58	127
note	214.208	0.450521	59	127
note	213.757	0.903646	63	127
note	213.757	0.903646	54	127
note	213.757	0.903646	51	127
note	214.663	0.450521	52	127
note	213.757	1.80729	71	127
note	215.117	0.450521	51	127
note	215.57	0.450521	52	127
note	214.663	1.80729	61	127
note	214.663	1.80729	49	127
note	215.57	0.903646	70	127
note	216.027	0.450521	54	127
note	216.48	0.450521	56	127
note	214.663	2.26823	64	127
note	216.934	0.450521	63	127
note	216.934	0.450521	54	127
note	217.388	0.450521	56	127
note	217.841	0.222656	66	127
note	218.068	0.222656	68	127
note	217.841	0.450521	57	127
note	217.388	0.903646	64	127
note	216.48	2.26823	71	127
note	216.48	2.26823	47	127
note	218.296	0.903646	63	127
note	218.296	0.903646	66	127
note	218.75	0.450521	73	127
note	218.75	0.450521	56	127
note	219.204	0.450521	75	127
note	219.204	0.450521	54	127
note	218.296	1.80729	59	127
note	219.656	0.450521	52	127
note	219.204	0.903646	68	127
note	219.204	1.35547	71	127
note	219.656	1.35417	76	127
note	220.564	0.450521	73	127
note	221.018	0.450521	71	127
note	220.111	1.80469	66	127
note	221.018	0.903646	75	127
note	221.018	0.903646	47	127
note	221.473	0.450521	69	127
note	221.927	0.496094	76	127
note	220.111	2.71354	59	127
note	221.927	0.903646	64	127
note	221.927	0.903646	68	127
note	221.927	0.903646	52	127
note	222.413	0.458333	75	127
note	222.878	0.450521	76	127
note	222.878	0.903646	61	127
note	222.878	0.903646	57	127
note	223.333	0.450521	78	127
note	223.786	0.22526	80	127
note	224.017	0.22526	78	127
note	224.249	0.22526	80	127
note	224.478	0.22526	81	127
note	223.786	0.916667	60	127
note	223.786	0.916667	56	127
note	224.707	0.22526	80	127
note	224.939	0.22526	78	127
note	225.168	0.22526	76	127
note	224.707	0.916667	64	127
note	224.707	0.916667	61	127
note	225.4	0.22526	80	127
note	225.629	0.22526	78	127
note	225.862	0.22526	76	127
note	226.09	0.22526	78	127
note	225.629	0.916667	61	127
note	226.322	0.22526	80	127
note	226.552	0.22526	78	127
note	226.784	0.22526	76	127
note	227.013	0.22526	75	127
note	225.629	1.83464	63	127
note	227.243	0.22526	78	127
note	226.552	0.916667	60	127
note	227.474	0.22526	76	127
note	227.704	0.22526	75	127
note	227.935	0.22526	76	127
note	228.167	0.22526	78	127
note	228.397	0.22526	76	127
note	228.626	0.22526	75	127
note	228.857	0.22526	73	127
note	229.087	0.22526	76	127
note	228.397	0.916667	68	127
note	229.318	0.22526	75	127
note	229.548	0.22526	73	127
note	227.474	2.30078	61	127
note	229.78	0.22526	75	127
note	229.318	0.916667	67	127
note	230.01	0.22526	76	127
note	229.78	0.455729	59	127
note	230.24	0.22526	75	127
note	230.24	0.453125	71	127
note	230.47	0.22526	73	127
note	230.24	0.455729	58	127
note	230.702	0.453125	71	127
note	230.932	0.22526	75	127
note	231.163	0.22526	73	127
note	231.392	0.22526	71	127
note	230.702	0.916667	56	127
note	231.624	0.22526	73	127
note	231.624	0.22526	55	127
note	231.853	0.22526	75	127
note	231.853	0.22526	53	127
note	232.085	0.22526	73	127
note	231.163	1.3763	70	127
note	232.315	0.22526	71	127
note	232.775	0.22526	73	127
note	232.085	0.916667	55	127
note	233.005	0.229167	56	127
note	233.24	0.229167	58	127
note	232.547	0.923177	70	127
note	233.473	0.229167	56	127
note	233.473	0.46224	63	127
note	233.708	0.229167	55	127
note	233.943	0.229167	56	127
note	233.005	1.17448	71	127
note	234.176	0.229167	73	127
note	234.176	0.229167	57	127
note	234.411	0.229167	75	127
note	234.411	0.229167	59	127
note	234.643	0.229167	71	127
note	234.643	0.229167	56	127
note	234.879	0.229167	57	127
note	235.112	0.229167	59	127
note	233.943	1.39844	68	127
note	235.346	0.229167	66	127
note	235.346	0.229167	57	127
note	235.581	0.229167	64	127
note	235.581	0.229167	56	127
note	235.815	0.229167	58	127
note	236.048	0.229167	59	127
note	234.879	1.39844	73	127
note	236.283	0.229167	61	127
note	236.516	0.229167	58	127
note	236.283	0.46224	76	127
note	236.75	0.229167	59	127
note	236.984	0.229167	61	127
note	235.815	1.39844	66	127
note	237.219	0.229167	64	127
note	237.219	0.229167	59	127
note	237.452	0.229167	66	127
note	237.452	0.229167	58	127
note	237.688	0.229167	60	127
note	236.75	1.39844	75	127
note	237.921	0.229167	61	127
note	238.154	0.229167	63	127
note	238.154	0.46224	78	127
note	238.388	0.229167	60	127
note	239.091	0.229167	49	127
note	239.324	0.229167	51	127
note	239.56	0.46224	52	127
note	238.622	1.86198	61	127
note	240.025	0.460938	54	127
note	237.688	2.79948	68	127
note	239.56	0.929688	73	127
note	240.492	0.229167	56	127
note	240.727	0.229167	54	127
note	238.622	2.33594	76	127
note	240.96	0.229167	56	127
note	241.194	0.229167	57	127
note	240.492	0.932292	72	127
note	241.427	0.229167	56	127
note	241.663	0.229167	54	127
note	240.96	0.932292	75	127
note	241.896	0.229167	52	127
note	242.13	0.229167	56	127
note	241.427	0.932292	76	127
note	242.365	0.229167	54	127
note	242.598	0.229167	52	127
note	241.896	0.932292	73	127
note	242.832	0.229167	72	127
note	242.832	0.229167	54	127
note	243.066	0.229167	70	127
note	243.066	0.229167	56	127
note	243.299	0.229167	54	127
note	242.365	1.39844	75	127
note	243.535	0.229167	52	127
note	243.77	0.229167	51	127
note	244.003	0.229167	54	127
note	243.299	0.932292	72	127
note	244.237	0.234375	80	127
note	244.237	0.234375	52	127
note	244.474	0.234375	78	127
note	244.474	0.234375	51	127
note	244.711	0.234375	80	127
note	244.711	0.234375	52	127
note	243.77	1.41146	75	127
note	244.948	0.234375	81	127
note	244.948	0.234375	54	127
note	245.186	0.234375	80	127
note	245.186	0.234375	52	127
note	245.423	0.234375	78	127
note	245.423	0.234375	57	127
note	245.661	0.234375	76	127
note	245.661	0.234375	56	127
note	245.9	0.234375	80	127
note	245.9	0.234375	57	127
note	246.137	0.234375	78	127
note	246.137	0.234375	51	127
note	246.374	0.234375	76	127
note	246.374	0.234375	49	127
note	246.611	0.234375	78	127
note	246.611	0.234375	51	127
note	245.186	1.89062	73	127
note	246.848	0.235677	80	127
note	246.848	0.235677	52	127
note	247.087	0.234375	78	127
note	247.087	0.234375	51	127
note	247.087	0.467448	72	127
note	247.324	0.234375	76	127
note	247.324	0.234375	56	127
note	247.564	0.234375	75	127
note	247.564	0.234375	54	127
note	247.799	0.234375	78	127
note	247.799	0.234375	56	127
note	247.564	0.708333	71	127
note	248.275	0.234375	71	127
note	248.513	0.234375	73	127
note	248.75	0.234375	74	127
note	248.513	0.471354	61	127
note	248.039	0.946615	77	127
note	248.039	0.946615	49	127
note	248.988	0.234375	73	127
note	249.225	0.234375	71	127
note	248.988	0.471354	66	127
note	249.462	0.234375	69	127
note	249.462	0.471354	66	127
note	249.701	0.234375	73	127
note	248.988	0.946615	81	127
note	249.938	0.234375	71	127
note	249.938	0.471354	66	127
note	250.176	0.234375	69	127
note	250.413	0.234375	71	127
note	250.413	0.234375	65	127
note	250.65	0.234375	73	127
note	250.65	0.234375	63	127
note	250.888	0.234375	71	127
note	251.124	0.234375	69	127
note	251.363	0.234375	68	127
note	251.599	0.234375	71	127
note	250.888	0.946615	65	127
note	249.938	2.3724	80	127
note	252.312	0.234375	78	127
note	252.312	0.234375	54	127
note	252.549	0.234375	76	127
note	252.549	0.234375	56	127
note	251.839	0.946615	66	127
note	252.788	0.234375	74	127
note	251.839	1.1849	69	127
note	253.025	0.234375	73	127
note	252.788	0.471354	57	127
note	253.26	0.234375	71	127
note	253.26	0.471354	59	127
note	253.5	0.234375	69	127
note	252.788	0.946615	54	127
note	253.738	0.234375	61	127
note	253.975	0.234375	59	127
note	254.212	0.234375	61	127
note	254.449	0.234375	62	127
note	254.212	0.471354	73	127
note	253.738	0.946615	68	127
note	253.738	0.946615	53	127
note	254.688	0.234375	61	127
note	254.688	0.467448	57	127
note	254.688	0.471354	78	127
note	254.926	0.234375	59	127
note	255.161	0.467448	57	127
note	255.161	0.471354	78	127
note	255.4	0.234375	61	127
note	255.638	0.234375	59	127
note	255.875	0.234375	57	127
note	255.638	0.471354	78	127
note	256.112	0.234375	76	127
note	256.112	0.234375	59	127
note	256.349	0.234375	74	127
note	256.349	0.234375	61	127
note	256.589	0.234375	59	127
note	255.638	1.41927	56	127
note	256.824	0.234375	57	127
note	257.061	0.467448	56	127
note	257.299	0.234375	59	127
note	257.538	0.234375	57	127
note	257.775	0.234375	56	127
note	256.589	1.42057	76	127
note	258.012	0.234375	74	127
note	258.012	0.234375	57	127
note	258.25	0.234375	73	127
note	258.25	0.234375	59	127
note	258.487	0.234375	57	127
note	258.725	0.234375	59	127
note	258.961	0.234375	61	127
note	257.538	1.89062	54	127
note	259.199	0.235677	62	127
note	258.487	0.947917	69	127
note	259.439	0.234375	64	127
note	259.677	0.234375	62	127
note	259.914	0.234375	64	127
note	258.487	1.89193	74	127
note	259.914	0.467448	52	127
note	260.15	0.234375	66	127
note	259.439	0.946615	68	127
note	260.389	0.234375	64	127
note	260.389	0.467448	57	127
note	260.625	0.234375	62	127
note	260.863	0.234375	61	127
note	260.863	0.467448	57	127
note	261.102	0.234375	64	127
note	260.389	0.946615	73	127
note	261.34	0.234375	62	127
note	261.34	0.467448	57	127
note	261.577	0.234375	61	127
note	261.814	0.234375	62	127
note	261.814	0.234375	56	127
note	262.051	0.234375	64	127
note	262.051	0.234375	54	127
note	261.34	0.946615	78	127
note	262.288	0.234375	62	127
note	262.526	0.234375	61	127
note	262.763	0.234375	59	127
note	262.288	0.946615	56	127
note	263.001	0.234375	62	127
note	263.24	0.234375	61	127
note	262.288	1.42057	76	127
note	263.477	0.234375	59	127
note	261.34	2.3724	71	127
note	263.714	0.234375	61	127
note	263.714	0.467448	64	127
note	263.951	0.234375	78	127
note	263.951	0.234375	62	127
note	263.24	0.946615	57	127
note	264.189	0.234375	76	127
note	264.189	0.234375	61	127
note	264.189	0.467448	69	127
note	264.426	0.234375	74	127
note	264.426	0.234375	59	127
note	264.663	0.234375	73	127
note	264.663	0.234375	57	127
note	264.663	0.467448	69	127
note	264.901	0.234375	76	127
note	264.901	0.234375	61	127
note	264.189	0.946615	54	127
note	265.139	0.234375	74	127
note	265.139	0.467448	69	127
note	265.376	0.234375	73	127
note	265.613	0.234375	74	127
note	265.613	0.234375	68	127
note	265.85	0.234375	76	127
note	265.85	0.234375	66	127
note	265.139	0.946615	47	127
note	266.089	0.234375	74	127
note	266.326	0.234375	73	127
note	266.562	0.234375	71	127
note	265.139	1.89062	59	127
note	266.801	0.235677	74	127
note	266.089	0.947917	52	127
note	267.042	0.234375	57	127
note	266.089	1.42057	68	127
note	267.279	0.234375	56	127
note	267.514	0.234375	61	127
note	267.514	0.234375	54	127
note	267.753	0.234375	63	127
note	267.753	0.234375	52	127
note	267.99	0.234375	51	127
note	267.99	0.471354	64	127
note	268.228	0.234375	49	127
note	268.464	0.234375	48	127
note	267.042	1.89062	73	127
note	267.042	1.89062	45	127
note	268.464	0.472656	66	127
note	268.703	0.235677	49	127
note	268.943	0.240885	68	127
note	269.21	0.240885	66	127
note	269.454	0.240885	68	127
note	268.943	0.973958	72	127
note	268.943	0.973958	44	127
note	268.943	0.973958	51	127
note	269.698	0.240885	69	127
note	269.454	0.484375	56	127
note	269.943	0.240885	68	127
note	270.186	0.240885	66	127
note	269.943	0.484375	61	127
note	270.431	0.240885	64	127
note	270.431	0.484375	61	127
note	269.943	0.973958	76	127
note	270.677	0.240885	68	127
note	270.919	0.240885	66	127
note	270.919	0.484375	61	127
note	271.165	0.240885	64	127
note	271.409	0.240885	60	127
note	271.409	0.240885	66	127
note	271.652	0.240885	58	127
note	271.652	0.240885	68	127
note	271.898	0.240885	66	127
note	272.142	0.240885	64	127
note	272.387	0.240885	63	127
note	272.63	0.240885	66	127
note	271.898	0.973958	60	127
note	272.876	0.240885	64	127
note	270.919	2.44271	75	127
note	273.122	0.240885	63	127
note	273.365	0.240885	64	127
note	273.365	0.481771	68	127
note	272.876	0.973958	61	127
note	273.611	0.240885	66	127
note	273.854	0.240885	64	127
note	273.854	0.481771	73	127
note	274.099	0.240885	63	127
note	274.344	0.240885	61	127
note	274.344	0.481771	73	127
note	274.587	0.240885	64	127
note	273.854	0.973958	57	127
note	274.832	0.240885	63	127
note	274.832	0.481771	73	127
note	275.076	0.240885	61	127
note	275.322	0.240885	63	127
note	275.322	0.240885	71	127
note	275.565	0.240885	64	127
note	275.565	0.240885	69	127
note	274.832	0.973958	54	127
note	275.809	0.240885	62	127
note	276.055	0.240885	61	127
note	276.297	0.240885	59	127
note	275.809	0.973958	56	127
note	276.543	0.240885	62	127
note	276.788	0.240885	61	127
note	277.031	0.240885	59	127
note	277.276	0.240885	61	127
note	275.809	1.94531	71	127
note	277.521	0.242188	62	127
note	277.276	0.486979	49	127
note	276.788	0.97526	53	127
note	277.767	0.240885	61	127
note	277.767	0.484375	54	127
note	278.012	0.240885	64	127
note	278.257	0.240885	63	127
note	278.257	0.484375	54	127
note	277.767	0.973958	69	127
note	278.501	0.240885	61	127
note	278.746	0.49349	54	127
note	279.243	0.244792	52	127
note	279.243	0.489583	44	127
note	279.492	0.24349	51	127
note	278.746	0.990885	60	127
note	278.746	0.990885	68	127
note	279.74	0.49349	49	127
note	278.746	1.97917	56	127
note	279.74	0.990885	52	127
note	279.74	0.990885	61	127
note	280.238	0.49349	49	127
note	280.734	0.49349	49	127
note	280.734	0.49349	63	127
note	281.234	0.244792	47	127
note	281.482	0.244792	46	127
note	280.734	0.992188	55	127
note	281.234	0.494792	63	127
note	281.733	0.244792	47	127
note	281.733	0.244792	68	127
note	281.983	0.244792	46	127
note	281.983	0.244792	70	127
note	282.233	0.244792	44	127
note	280.734	1.98438	51	127
note	280.734	1.98438	75	127
note	282.482	0.244792	47	127
note	281.733	0.99349	56	127
note	282.73	0.244792	46	127
note	282.73	0.489583	53	127
note	282.98	0.24349	44	127
note	282.233	0.992188	71	127
note	283.229	0.244792	46	127
note	283.478	0.244792	47	127
note	282.73	0.992188	74	127
note	283.229	0.494792	70	127
note	283.728	0.244792	46	127
note	283.728	0.494792	75	127
note	283.979	0.244792	44	127
note	284.228	0.244792	42	127
note	283.728	0.99349	78	127
note	284.228	0.494792	75	127
note	284.479	0.244792	46	127
note	284.728	0.244792	44	127
note	284.978	0.244792	42	127
note	284.728	0.494792	75	127
note	285.228	0.244792	44	127
note	285.228	0.244792	73	127
note	285.477	0.244792	46	127
note	285.477	0.244792	72	127
note	284.728	0.99349	77	127
note	285.725	0.244792	44	127
note	285.977	0.244792	47	127
note	286.225	0.244792	46	127
note	285.725	0.99349	76	127
note	286.475	0.244792	44	127
note	285.725	1.23828	73	127
note	286.725	0.244792	75	127
note	287.224	0.244792	75	127
note	286.974	0.742188	73	127
note	286.725	0.992188	43	127
note	287.474	0.244792	76	127
note	287.224	0.494792	51	127
note	287.723	0.244792	75	127
note	287.723	0.489583	71	127
note	287.973	0.24349	73	127
note	287.723	0.49349	56	127
note	288.22	0.488281	71	127
note	287.723	0.988281	44	127
note	288.469	0.24349	75	127
note	288.22	0.492188	56	127
note	288.716	0.244792	73	127
note	288.965	0.244792	71	127
note	288.716	0.494792	56	127
note	289.215	0.244792	54	127
note	289.215	0.244792	73	127
note	289.465	0.244792	52	127
note	289.465	0.244792	75	127
note	288.716	0.99349	46	127
note	288.716	0.99349	70	127
note	289.714	0.244792	73	127
note	289.965	0.244792	76	127
note	290.214	0.244792	75	127
note	289.714	0.99349	51	127
note	290.465	0.244792	73	127
note	289.714	1.24479	54	127
note	289.714	1.48958	69	127
note	290.961	0.244792	57	127
note	291.212	0.244792	56	127
note	291.46	0.244792	54	127
note	290.714	0.992188	44	127
note	290.714	0.992188	72	127
note	291.212	0.494792	63	127
note	291.71	0.244792	53	127
note	291.96	0.244792	51	127
note	291.71	0.494792	68	127
note	292.21	0.244792	53	127
note	291.71	0.99349	71	127
note	292.46	0.244792	49	127
note	292.711	0.244792	54	127
note	292.958	0.244792	53	127
note	292.21	0.99349	68	127
note	293.21	0.244792	54	127
note	293.21	0.244792	66	127
note	293.46	0.244792	56	127
note	293.46	0.244792	65	127
note	292.711	0.99349	70	127
note	293.71	0.244792	57	127
note	293.958	0.244792	56	127
note	294.208	0.244792	57	127
note	294.457	0.244792	59	127
note	293.71	0.99349	69	127
note	294.73	0.246094	61	127
note	294.982	0.246094	60	127
note	295.232	0.246094	61	127
note	293.71	1.99479	66	127
note	295.484	0.246094	63	127
note	294.73	1.0013	68	127
note	295.737	0.494792	64	127
note	295.987	0.246094	63	127
note	296.238	0.494792	64	127
note	296.49	0.246094	66	127
note	294.73	2.00651	37	127
note	296.742	0.246094	68	127
note	296.992	0.246094	66	127
note	297.245	0.246094	68	127
note	297.497	0.246094	69	127
note	297.245	0.498698	44	127
note	296.742	1.0013	63	127
note	296.742	1.0013	36	127
note	297.746	0.246094	68	127
note	297.997	0.246094	66	127
note	297.746	0.498698	49	127
note	298.25	0.246094	64	127
note	297.746	1.0013	61	127
note	297.746	1.0013	40	127
note	298.503	0.246094	68	127
note	298.25	0.498698	49	127
note	298.754	0.246094	66	127
note	299.004	0.246094	64	127
note	298.754	0.498698	49	127
note	299.257	0.246094	66	127
note	299.257	0.246094	48	127
note	299.507	0.246094	68	127
note	299.507	0.246094	46	127
note	299.759	0.246094	66	127
note	300.009	0.246094	64	127
note	298.754	1.5026	63	127
note	298.754	2.0013	39	127
note	299.759	1	48	127
note	300.521	0.253906	66	127
note	300.262	0.516927	63	127
note	300.779	0.246094	64	127
note	300.779	0.498698	37	127
note	301.038	0.246094	63	127
note	301.289	0.246094	37	127
note	301.289	0.246094	64	127
note	300.779	1.0013	49	127
note	301.539	0.246094	39	127
note	301.539	0.246094	66	127
note	301.792	0.246094	64	127
note	302.042	0.246094	63	127
note	301.792	0.498698	40	127
note	302.294	0.246094	61	127
note	300.779	2.0013	73	127
note	302.547	0.246094	64	127
note	302.294	0.498698	42	127
note	302.798	0.246094	44	127
note	303.048	0.246094	42	127
note	303.299	0.246094	44	127
note	303.552	0.246094	45	127
note	303.299	0.498698	68	127
note	302.798	1.0013	63	127
note	302.798	1.0013	72	127
note	303.805	0.246094	44	127
note	304.053	0.246094	42	127
note	303.805	0.498698	73	127
note	304.306	0.246094	40	127
note	304.559	0.246094	44	127
note	304.306	0.498698	73	127
note	303.805	1.0013	76	127
note	304.809	0.246094	42	127
note	305.059	0.246094	40	127
note	304.809	0.498698	73	127
note	305.311	0.246094	42	127
note	305.311	0.246094	72	127
note	305.564	0.246094	44	127
note	305.564	0.246094	70	127
note	305.815	0.246094	42	127
note	305.815	0.246094	72	127
note	304.809	1.5026	75	127
note	306.066	0.246094	40	127
note	306.066	0.246094	73	127
note	306.318	0.246094	39	127
note	306.568	0.246094	42	127
note	306.568	0.246094	72	127
note	306.82	0.246094	68	127
note	307.072	0.246094	66	127
note	306.82	0.498698	40	127
note	307.324	0.246094	68	127
note	307.574	0.246094	69	127
note	306.318	1.5026	75	127
note	307.324	0.498698	52	127
note	307.827	0.246094	68	127
note	308.079	0.246094	66	127
note	307.827	0.498698	57	127
note	308.328	0.246094	64	127
note	308.579	0.246094	68	127
note	308.328	0.498698	57	127
note	307.827	1.0013	73	127
note	308.832	0.246094	66	127
note	309.085	0.246094	64	127
note	308.832	0.498698	57	127
note	309.335	0.246094	56	127
note	309.335	0.246094	66	127
note	309.587	0.246094	54	127
note	309.587	0.246094	68	127
note	308.832	1.0013	73	127
note	309.839	0.246094	66	127
note	310.089	0.246094	64	127
note	309.839	0.498698	56	127
note	310.34	0.246094	63	127
note	310.592	0.246094	66	127
note	310.34	0.498698	44	127
note	309.839	1.0013	72	127
note	310.845	0.246094	64	127
note	311.095	0.246094	68	127
note	311.346	0.246094	69	127
note	311.346	0.246094	73	127
note	311.599	0.246094	71	127
note	311.599	0.246094	75	127
note	311.346	0.498698	47	127
note	311.849	0.246094	73	127
note	311.849	0.494792	76	127
note	312.102	0.246094	75	127
note	312.352	0.246094	72	127
note	312.352	0.49349	78	127
note	310.845	2.0013	49	127
note	312.604	0.244792	73	127
note	311.849	1	45	127
note	312.854	0.270833	80	127
note	312.854	0.494792	75	127
note	312.854	0.498698	44	127
note	313.128	0.246094	78	127
note	313.38	0.246094	80	127
note	312.854	1.0013	48	127
note	313.63	0.246094	81	127
note	313.38	0.498698	56	127
note	313.882	0.246094	80	127
note	314.133	0.246094	78	127
note	313.882	0.498698	61	127
note	314.385	0.246094	76	127
note	314.637	0.246094	80	127
note	313.882	1.0013	52	127
note	314.385	0.498698	61	127
note	314.888	0.246094	78	127
note	315.141	0.246094	76	127
note	314.888	0.498698	61	127
note	315.389	0.246094	78	127
note	315.389	0.246094	60	127
note	315.642	0.246094	80	127
note	315.642	0.246094	58	127
note	315.895	0.246094	78	127
note	316.146	0.246094	76	127
note	316.396	0.246094	75	127
note	314.888	2.0013	51	127
note	316.648	0.246094	78	127
note	315.895	1.0013	60	127
note	316.901	0.246094	76	127
note	317.151	0.246094	75	127
note	316.901	0.498698	49	127
note	317.401	0.246094	76	127
note	317.654	0.246094	78	127
note	317.401	0.498698	52	127
note	316.901	1.0013	61	127
note	317.906	0.246094	76	127
note	318.158	0.246094	74	127
note	317.906	0.498698	57	127
note	317.906	0.498698	61	127
note	318.408	0.246094	73	127
note	318.66	0.246094	76	127
note	318.408	0.498698	57	127
note	318.408	0.498698	61	127
note	318.91	0.246094	74	127
note	319.163	0.246094	73	127
note	318.91	0.498698	57	127
note	319.414	0.246094	74	127
note	319.414	0.246094	56	127
note	319.414	0.494792	66	127
note	319.665	0.246094	76	127
note	319.665	0.246094	54	127
note	319.917	0.246094	74	127
note	319.917	0.494792	71	127
note	318.91	1.5026	59	127
note	320.169	0.246094	73	127
note	320.421	0.246094	71	127
note	320.421	0.494792	66	127
note	320.671	0.246094	74	127
note	320.922	0.246094	71	127
note	320.922	0.246094	73	127
note	321.174	0.246094	71	127
note	321.427	0.246094	69	127
note	321.427	0.246094	73	127
note	319.917	2.0013	56	127
note	321.677	0.246094	68	127
note	321.677	0.246094	74	127
note	320.922	1.0013	65	127
note	321.427	0.498698	49	127
note	321.93	0.246094	73	127
note	321.93	0.494792	69	127
note	322.181	0.246094	71	127
note	321.93	0.498698	54	127
note	322.431	0.494792	69	127
note	322.682	0.246094	73	127
note	322.431	0.498698	54	127
note	321.93	1.0013	66	127
note	322.935	0.246094	71	127
note	323.186	0.246094	69	127
note	322.935	0.498698	54	127
note	323.438	0.246094	71	127
note	323.438	0.246094	53	127
note	323.689	0.246094	73	127
note	323.689	0.246094	51	127
note	322.935	1.0013	59	127
note	323.941	0.246094	71	127
note	324.191	0.246094	69	127
note	322.935	1.5026	68	127
note	324.443	0.49349	68	127
note	322.935	2.0013	56	127
note	324.694	0.244792	71	127
note	323.941	1	53	127
note	324.945	0.140625	69	127
note	325.029	0.0794271	68	127
note	325.197	0.246094	68	127
note	325.447	0.246094	66	127
note	325.699	0.246094	65	127
note	324.945	1.0013	54	127
note	324.945	1.0013	57	127
note	325.112	0.835938	69	127
note	323.941	2.2474	61	127
note	326.202	0.246094	61	127
note	326.453	0.246094	59	127
note	326.704	0.246094	57	127
note	325.949	1.0013	66	127
note	325.949	1.25391	54	127
note	327.208	0.246094	54	127
note	327.46	0.246094	52	127
note	327.71	0.246094	51	127
note	326.956	1.2526	68	127
note	328.214	0.246094	68	127
note	327.961	0.498698	52	127
note	328.466	0.246094	66	127
note	326.956	2.0013	73	127
note	326.956	2.0013	56	127
note	328.716	0.246094	64	127
note	328.466	0.498698	49	127
note	328.969	0.251302	63	127
note	329.224	0.251302	69	127
note	329.48	0.251302	68	127
note	329.48	0.507812	44	127
note	329.738	0.251302	66	127
note	328.969	1.02214	72	127
note	328.969	1.02214	56	127
note	329.996	0.251302	64	127
note	330.251	0.251302	68	127
note	329.996	0.507812	49	127
note	330.509	0.251302	73	127
note	330.766	0.251302	71	127
note	330.509	0.507812	49	127
note	329.996	1.02214	76	127
note	329.996	1.02214	56	127
note	331.021	0.251302	69	127
note	331.021	0.507812	49	127
note	331.279	0.251302	68	127
note	331.534	0.251302	69	127
note	331.534	0.251302	48	127
note	331.79	0.251302	66	127
note	331.79	0.251302	46	127
note	331.021	1.02214	54	127
note	332.048	0.251302	48	127
note	332.048	0.505208	51	127
note	332.305	0.251302	49	127
note	332.816	0.251302	48	127
note	332.562	0.505208	51	127
note	333.074	0.251302	52	127
note	333.332	0.251302	51	127
note	332.048	1.53646	68	127
note	331.021	2.5651	75	127
note	333.587	0.251302	52	127
note	333.587	0.505208	73	127
note	333.845	0.251302	72	127
note	333.845	0.251302	54	127
note	333.074	1.02214	40	127
note	334.103	0.251302	52	127
note	334.359	0.251302	51	127
note	334.103	0.507812	80	127
note	334.616	0.251302	49	127
note	334.616	0.505208	45	127
note	334.872	0.251302	52	127
note	334.616	0.507812	80	127
note	335.129	0.251302	51	127
note	335.385	0.252604	49	127
note	335.129	0.510417	80	127
note	334.103	1.53646	73	127
note	335.645	0.251302	78	127
note	335.645	0.251302	51	127
note	335.645	0.505208	70	127
note	335.9	0.251302	76	127
note	335.9	0.251302	52	127
note	335.129	1.02344	39	127
note	336.156	0.251302	51	127
note	336.156	0.507812	75	127
note	336.414	0.251302	49	127
note	336.669	0.251302	48	127
note	336.669	0.505208	44	127
note	336.669	0.507812	75	127
note	336.927	0.251302	51	127
note	336.156	1.02214	78	127
note	337.182	0.510417	75	127
note	337.182	0.510417	49	127
note	337.182	0.510417	37	127
note	337.721	0.251302	73	127
note	337.978	0.251302	71	127
note	337.721	0.507812	52	127
note	338.234	0.510417	57	127
note	337.182	2.04688	76	127
note	338.234	1.02474	73	127
note	338.75	0.510417	57	127
note	339.266	0.510417	57	127
note	339.78	0.251302	55	127
note	339.78	0.505208	59	127
note	340.038	0.251302	54	127
note	339.266	1.02344	75	127
note	339.266	1.02344	71	127
note	340.294	0.510417	64	127
note	340.294	1.02474	52	127
note	340.294	1.02474	79	127
note	340.294	1.02474	71	127
note	340.81	0.510417	64	127
note	341.324	0.510417	64	127
note	341.84	0.251302	62	127
note	342.094	0.251302	61	127
note	341.84	0.505208	54	127
note	341.324	1.02344	70	127
note	341.324	1.02344	78	127
note	342.352	0.510417	59	127
note	342.352	1.02474	74	127
note	342.352	1.02474	66	127
note	342.867	0.510417	59	127
note	343.383	0.510417	59	127
note	343.897	0.251302	57	127
note	344.154	0.251302	56	127
note	343.897	0.507812	61	127
note	343.383	1.02344	65	127
note	344.411	0.251302	57	127
note	344.668	0.251302	56	127
note	344.411	0.507812	66	127
note	344.924	0.251302	54	127
note	343.383	2.04557	73	127
note	345.182	0.252604	52	127
note	344.924	0.510417	66	127
note	344.411	1.02344	49	127
note	344.411	1.02344	69	127
note	345.44	0.53125	66	127
note	345.44	0.53125	68	127
note	345.977	0.265625	64	127
note	345.977	0.527344	68	127
note	346.245	0.263021	63	127
note	345.44	1.06771	48	127
note	345.44	1.06771	51	127
note	346.513	0.53125	73	127
note	346.513	0.53125	64	127
note	347.049	0.53125	56	127
note	347.049	0.53125	64	127
note	347.049	0.53125	73	127
note	346.513	1.06771	52	127
note	347.583	0.53125	63	127
note	347.583	0.53125	66	127
note	347.583	0.53125	73	127
note	348.12	0.265625	72	127
note	348.12	0.527344	66	127
note	348.12	0.53125	63	127
note	348.391	0.263021	70	127
note	348.656	0.265625	72	127
note	348.656	0.527344	78	127
note	348.656	0.53125	63	127
note	348.926	0.263021	73	127
note	349.193	0.265625	61	127
note	348.656	0.802083	66	127
note	347.583	2.13542	51	127
note	349.193	0.528646	75	127
note	349.193	0.528646	78	127
note	349.461	0.265625	60	127
note	349.461	0.265625	68	127
note	349.729	0.548177	49	127
note	349.729	0.548177	69	127
note	349.729	0.548177	75	127
note	349.729	0.548177	78	127
note	350.281	0.272135	76	127
note	350.281	0.272135	68	127
note	350.281	0.272135	73	127
note	349.729	1.09766	61	127
note	350.281	0.548177	52	127
note	350.559	0.272135	66	127
note	350.559	0.272135	72	127
note	350.559	0.272135	75	127
note	350.835	0.548177	61	127
note	350.835	0.548177	57	127
note	350.835	0.548177	68	127
note	350.835	0.548177	76	127
note	351.384	0.272135	66	127
note	351.384	0.272135	75	127
note	350.835	0.824219	73	127
note	351.384	0.548177	61	127
note	351.384	0.548177	57	127
note	351.661	0.272135	64	127
note	351.661	0.272135	73	127
note	351.938	0.548177	57	127
note	351.938	0.548177	75	127
note	352.491	0.272135	56	127
note	351.938	1.09766	60	127
note	351.938	1.09766	63	127
note	351.938	1.09766	66	127
note	352.764	0.272135	54	127
note	352.491	0.548177	72	127
note	353.04	0.272135	52	127
note	353.318	0.272135	51	127
note	353.594	0.272135	49	127
note	353.868	0.272135	47	127
note	354.145	1.09635	46	127
note	353.04	2.20052	68	127
note	353.04	2.20052	73	127
note	353.04	2.20052	64	127
note	354.694	0.548177	49	127
note	355.246	0.548177	54	127
note	355.246	0.548177	63	127
note	355.246	1.09766	66	127
note	355.246	1.09766	73	127
note	355.799	0.548177	54	127
note	355.799	0.548177	61	127
note	355.246	1.64974	45	127
note	356.35	0.548177	54	127
note	356.35	0.548177	63	127
note	356.902	0.272135	53	127
note	356.902	0.272135	44	127
note	356.902	0.272135	65	127
note	356.35	0.824219	66	127
note	356.35	1.09766	72	127
note	357.177	0.272135	42	127
note	357.177	0.272135	51	127
note	357.177	0.272135	66	127
note	357.453	0.548177	68	127
note	357.453	1.09766	41	127
note	357.453	1.09766	71	127
note	358.007	0.548177	68	127
note	358.557	0.548177	68	127
note	359.109	0.272135	66	127
note	357.453	2.19661	49	127
note	359.109	0.544271	61	127
note	358.557	1.09766	70	127
note	359.385	0.272135	64	127
note	359.661	0.548177	66	127
note	359.661	0.548177	63	127
note	358.557	2.19401	42	127
note	359.661	1.09635	69	127
note	360.214	0.546875	61	127
note	360.214	0.546875	66	127
note	359.661	1.64844	51	127
note	360.763	0.548177	66	127
note	361.315	0.272135	64	127
note	360.763	1.09766	60	127
note	360.763	1.09766	68	127
note	361.59	0.272135	63	127
note	361.315	0.548177	51	127
note	361.867	0.548177	56	127
note	360.763	2.19401	44	127
note	361.867	1.09635	61	127
note	361.867	1.09635	68	127
note	361.867	1.09635	64	127
note	362.418	0.546875	56	127
note	362.969	0.548177	56	127
note	362.969	0.548177	64	127
note	363.521	0.272135	54	127
note	363.521	0.272135	66	127
note	362.969	1.09766	61	127
note	362.969	1.09766	70	127
note	363.796	0.272135	52	127
note	363.796	0.272135	68	127
note	364.072	0.548177	54	127
note	364.072	0.548177	69	127
note	362.969	2.19401	44	127
note	364.072	1.09635	63	127
note	364.072	1.09635	72	127
note	364.624	0.546875	54	127
note	364.624	0.546875	68	127
note	365.174	0.548177	54	127
note	365.174	0.548177	68	127
note	365.174	0.548177	61	127
note	365.727	0.272135	52	127
note	366.001	0.272135	51	127
note	365.727	0.548177	64	127
note	365.727	0.548177	61	127
note	366.276	0.548177	52	127
note	366.276	0.548177	69	127
note	366.276	0.548177	61	127
note	366.276	0.548177	66	127
note	366.831	0.272135	51	127
note	365.174	2.19661	73	127
note	367.105	0.272135	49	127
note	366.831	0.548177	61	127
note	366.831	0.548177	69	127
note	366.831	0.548177	66	127
note	367.382	0.548177	69	127
note	367.382	0.548177	66	127
note	365.174	2.75651	44	127
note	367.932	0.272135	68	127
note	367.932	0.272135	64	127
note	368.207	0.272135	63	127
note	368.207	0.272135	66	127
note	367.382	1.09766	51	127
note	367.382	1.09766	72	127
note	368.486	0.548177	49	127
note	368.486	0.548177	68	127
note	368.486	0.548177	64	127
note	369.038	0.272135	66	127
note	369.038	0.272135	70	127
note	367.932	1.64974	44	127
note	369.311	0.272135	72	127
note	369.311	0.272135	68	127
note	368.486	1.09766	76	127
note	369.038	0.548177	49	127
note	369.587	0.566406	49	127
note	370.16	0.282552	47	127
note	369.587	1.13932	70	127
note	369.587	1.13932	76	127
note	369.587	1.13932	73	127
note	370.447	0.282552	46	127
note	370.732	0.585938	75	127
note	369.587	2.27604	43	127
note	371.318	0.550781	73	127
note	370.732	1.13802	63	127
note	370.732	1.13802	70	127
note	370.732	1.42578	51	127
note	372.16	0.282552	52	127
note	371.875	1.13932	68	127
note	371.875	1.13932	63	127
note	371.875	1.13932	72	127
note	372.447	0.852865	54	127
note	373.305	0.282552	52	127
note	373.59	0.282552	51	127
note	371.875	2.27734	44	127
note	373.876	0.28125	49	127
note	373.018	1.13932	68	127
note	373.018	1.13932	64	127
note	373.018	1.13932	73	127
note	374.161	1.13802	73	127
note	374.161	1.13802	68	127
note	374.161	1.70573	63	127
note	375.875	0.282552	64	127
note	376.16	0.282552	66	127
note	375.303	1.13932	72	127
note	374.161	2.28255	44	127
note	374.161	2.28255	56	127
note	376.47	0.589844	65	127
note	376.47	1.18229	68	127
note	376.47	1.77604	57	127
note	378.251	0.292969	56	127
note	376.47	2.36198	73	127
note	376.47	2.36198	49	127
note	378.547	0.292969	57	127
note	377.659	1.18229	66	127
note	377.064	2.38542	61	127
note	378.846	0.614583	65	127
note	378.846	0.614583	59	127
note	379.462	0.613281	61	127
note	379.462	0.613281	57	127
note	380.079	0.613281	69	127
note	380.079	0.613281	66	127
note	380.079	0.613281	56	127
note	378.846	2.45703	73	127
note	378.846	2.45703	49	127
note	380.695	0.614583	69	127
note	380.695	0.614583	66	127
note	380.695	0.614583	54	127
note	381.315	0.651042	61	127
note	381.971	0.322917	59	127
note	382.299	0.322917	57	127
note	381.315	1.30729	66	127
note	382.628	0.765625	56	127
note	382.628	1.15234	65	127
note	381.315	2.84115	73	127
note	381.315	2.84115	68	127
note	381.315	2.84115	49	127
note	383.784	0.380208	63	127
note	383.397	0.766927	54	127
note	384.204	5.92057	73	127
note	384.203	5.92188	68	127
note	384.202	5.92318	65	127
note	384.201	5.92448	56	127
note	384.199	5.92578	49	127
