note	0.447917	0.179687	68	127
note	0.630208	0.179688	67	127
note	0.8125	0.361979	68	127
note	1.17708	0.253906	72	127
note	0.0833333	1.45703	63	127
note	1.90755	0.322917	68	127
note	0.0833333	2.14714	56	127
note	0.0833333	2.14714	60	127
note	1.54297	0.721354	63	127
note	2.63802	0.179688	70	127
note	2.82031	0.179688	68	127
note	3.0026	0.361979	70	127
note	3.36719	0.253906	73	127
note	2.27214	1.45703	63	127
note	4.09766	0.322917	70	127
note	3.73307	0.721354	63	127
note	2.27214	2.1862	55	127
note	2.27214	2.1862	58	127
note	4.82812	0.179688	56	127
note	5.01042	0.179688	55	127
note	4.46224	0.727865	72	127
note	5.19271	0.361979	56	127
note	5.55729	0.322917	60	127
note	5.19271	0.721354	72	127
note	5.3138	0.608073	75	127
note	5.4362	0.727865	80	127
note	5.92318	0.361979	51	127
note	6.28776	0.332031	56	127
note	6.28776	0.361979	72	127
note	6.28776	0.361979	75	127
note	7.01823	0.179688	58	127
note	7.20052	0.179688	56	127
note	7.38281	0.361979	58	127
note	6.65234	1.09245	70	127
note	6.65234	1.09245	73	127
note	7.7474	0.322917	61	127
note	7.38281	0.721354	79	127
note	8.11328	0.361979	51	127
note	8.47786	0.332031	58	127
note	8.47786	0.361979	79	127
note	8.47786	0.361979	73	127
note	8.47786	0.361979	70	127
note	9.20833	0.179688	60	127
note	9.02474	0.53125	75	127
note	9.39062	0.179688	58	127
note	9.20833	0.361979	80	127
note	9.57292	0.361979	60	127
note	9.9375	0.322917	63	127
note	8.84245	1.45703	68	127
note	10.3021	0.361979	56	127
note	9.57292	1.09245	75	127
note	10.668	0.332031	60	127
note	10.668	0.361979	70	127
note	10.668	0.361979	75	127
note	11.0326	0.361979	75	127
note	11.3971	0.179688	80	127
note	11.5807	0.179688	79	127
note	11.763	0.361979	80	127
note	12.1276	0.294271	77	127
note	11.0326	1.45703	53	127
note	12.4922	0.361979	72	127
note	11.763	1.25391	65	127
note	12.8581	0.294271	75	127
note	11.0326	2.1862	68	127
note	13.2227	0.0885417	75	127
note	13.3138	0.0885417	73	127
note	13.4049	0.0885417	75	127
note	13.5872	0.179688	58	127
note	13.4961	0.453125	73	127
note	13.7708	0.179688	56	127
note	13.9531	0.361979	58	127
note	14.3177	0.322917	61	127
note	13.2227	1.45703	70	127
note	13.9531	0.988281	80	127
note	14.6823	0.361979	55	127
note	15.0482	0.332031	58	127
note	15.0482	0.361979	68	127
note	15.0482	0.361979	73	127
note	15.4128	0.361979	73	127
note	15.4128	0.361979	67	127
note	15.7773	0.179688	82	127
note	15.9596	0.179688	80	127
note	16.5078	0.285156	79	127
note	15.4128	1.45703	51	127
note	16.8724	0.361979	73	127
note	16.1432	1.09245	63	127
note	16.1432	1.09245	82	127
note	17.2383	0.3125	82	127
note	17.2383	0.360677	67	127
note	17.2383	0.361979	73	127
note	17.6029	0.265625	72	127
note	17.7852	0.179688	70	127
note	17.9674	0.179688	56	127
note	17.6029	0.721354	68	127
note	18.1497	0.179688	55	127
note	17.9674	0.455729	72	127
note	18.5156	0.179688	75	127
note	18.3333	0.361979	56	127
note	18.6979	0.179688	77	127
note	18.6979	0.3125	60	127
note	18.8802	0.179688	79	127
note	19.0625	0.208333	80	127
note	19.2448	0.179688	77	127
note	19.0625	0.361979	53	127
note	19.4271	0.208333	74	127
note	19.4271	0.332031	56	127
note	19.6107	0.179688	77	127
note	19.793	0.179688	70	127
note	19.9753	0.179688	68	127
note	19.793	0.361979	50	127
note	20.1576	0.179688	55	127
note	20.3398	0.179688	53	127
note	20.1576	0.545573	70	127
note	20.5221	0.361979	55	127
note	20.7057	0.179688	74	127
note	20.888	0.179688	75	127
note	20.888	0.303385	58	127
note	21.0703	0.179688	77	127
note	21.2526	0.208333	79	127
note	21.4349	0.179688	75	127
note	21.2526	0.361979	51	127
note	21.6172	0.208333	72	127
note	21.6172	0.303385	55	127
note	21.8008	0.179688	75	127
note	21.9831	0.208333	68	127
note	22.1654	0.179688	70	127
note	21.9831	0.361979	48	127
note	22.3477	0.179688	53	127
note	22.3477	0.208333	67	127
note	22.5299	0.179688	51	127
note	22.5299	0.179688	70	127
note	22.7122	0.360677	68	127
note	22.7122	0.361979	53	127
note	22.8958	0.179688	72	127
note	23.0781	0.179688	74	127
note	23.0781	0.303385	56	127
note	23.2604	0.179688	75	127
note	23.4427	0.303385	77	127
note	23.625	0.179688	74	127
note	23.4427	0.361979	50	127
note	23.8073	0.179688	70	127
note	23.8073	0.303385	53	127
note	23.9896	0.179688	74	127
note	24.1732	0.246094	67	127
note	24.3555	0.179688	68	127
note	24.1732	0.361979	46	127
note	24.5378	0.179688	51	127
note	24.5378	0.246094	65	127
note	24.7201	0.179688	50	127
note	24.7201	0.179688	68	127
note	24.9023	0.360677	67	127
note	25.0846	0.179688	70	127
note	24.9023	0.361979	51	127
note	25.2682	0.179688	72	127
note	25.2682	0.303385	55	127
note	25.4505	0.179688	74	127
note	25.6328	0.303385	75	127
note	25.8151	0.179688	72	127
note	25.6328	0.361979	48	127
note	25.9974	0.179688	68	127
note	25.9974	0.303385	51	127
note	26.1797	0.179688	72	127
note	26.3633	0.360677	65	127
note	26.5456	0.179688	75	127
note	26.3633	0.361979	44	127
note	26.7279	0.179688	53	127
note	26.7279	0.179688	74	127
note	26.9102	0.179688	51	127
note	26.9102	0.179688	75	127
note	27.0924	0.360677	68	127
note	27.2747	0.179688	75	127
note	27.0924	0.361979	53	127
note	27.4583	0.179688	74	127
note	27.4583	0.303385	56	127
note	27.6406	0.179688	75	127
note	27.8229	0.360677	65	127
note	28.0052	0.179688	75	127
note	27.8229	0.361979	50	127
note	28.1875	0.179688	74	127
note	28.1875	0.303385	53	127
note	28.3698	0.179688	75	127
note	28.5521	0.360677	67	127
note	28.5521	0.361979	46	127
note	28.7357	0.179688	75	127
note	28.918	0.179688	55	127
note	28.918	0.179688	74	127
note	29.1003	0.179688	53	127
note	29.1003	0.179688	75	127
note	29.2826	0.360677	70	127
note	29.4648	0.179688	75	127
note	29.2826	0.361979	55	127
note	29.6471	0.179688	74	127
note	29.6471	0.303385	58	127
note	29.8307	0.179688	75	127
note	30.013	0.360677	67	127
note	30.1953	0.179688	75	127
note	30.013	0.361979	51	127
note	30.3776	0.179688	74	127
note	30.3776	0.303385	55	127
note	30.5599	0.179688	75	127
note	30.7422	0.322917	68	127
note	30.7422	0.361979	48	127
note	30.9258	0.179688	75	127
note	31.1081	0.179688	56	127
note	31.1081	0.322917	73	127
note	31.2904	0.179688	55	127
note	31.2904	0.179688	75	127
note	31.4727	0.322917	72	127
note	31.6549	0.179688	75	127
note	31.4727	0.361979	56	127
note	31.8372	0.303385	60	127
note	31.8372	0.322917	70	127
note	32.0208	0.179688	75	127
note	32.2031	0.322917	68	127
note	32.3854	0.179688	75	127
note	32.2031	0.361979	53	127
note	32.5677	0.303385	56	127
note	32.5677	0.322917	67	127
note	32.75	0.179688	75	127
note	32.9323	0.322917	65	127
note	33.1146	0.179688	75	127
note	32.9323	0.361979	50	127
note	33.2982	0.3125	53	127
note	33.2982	0.322917	67	127
note	33.4805	0.179688	75	127
note	33.8451	0.179688	74	127
note	33.6628	0.361979	46	127
note	33.6628	0.53125	68	127
note	34.0273	0.179688	75	127
note	34.0273	0.3125	50	127
note	34.2096	0.179688	77	127
note	34.3932	0.179688	67	127
note	34.5755	0.179688	70	127
note	34.3932	0.361979	51	127
note	34.7578	0.179688	68	127
note	34.7578	0.3125	48	127
note	34.9401	0.179688	72	127
note	35.1224	0.322917	70	127
note	35.3047	0.179688	75	127
note	35.1224	0.361979	43	127
note	35.4883	0.179688	74	127
note	35.4883	0.332031	41	127
note	35.6706	0.179688	72	127
note	35.8529	0.179688	70	127
note	36.0352	0.179688	68	127
note	35.8529	0.361979	43	127
note	36.2174	0.179688	70	127
note	36.2174	0.332031	44	127
note	36.3997	0.179688	72	127
note	36.5833	0.0885417	67	127
note	36.6745	0.0885417	65	127
note	36.7656	0.0885417	67	127
note	36.8568	0.0885417	65	127
note	36.9479	0.0885417	67	127
note	36.5833	0.53125	62	127
note	37.0391	0.0885417	65	127
note	36.5833	0.721354	46	127
note	37.1302	0.179688	63	127
note	37.6771	0.179688	51	127
note	37.8607	0.179688	50	127
note	37.3125	0.727865	63	127
note	38.043	0.361979	51	127
note	38.4076	0.303385	55	127
note	38.043	0.721354	67	127
note	38.1641	0.721354	70	127
note	38.2865	0.645833	75	127
note	38.7721	0.361979	46	127
note	39.138	0.303385	51	127
note	39.138	0.361979	70	127
note	39.138	0.361979	67	127
note	39.8672	0.179688	53	127
note	40.0508	0.179688	51	127
note	40.2331	0.361979	53	127
note	40.5977	0.303385	56	127
note	39.5026	1.45703	65	127
note	39.5026	1.45703	68	127
note	40.2331	0.911458	74	127
note	40.9622	0.361979	46	127
note	41.3281	0.303385	53	127
note	41.3281	0.361979	74	127
note	41.3281	0.361979	68	127
note	41.3281	0.361979	65	127
note	41.694	0.361979	63	127
note	41.6966	0.361979	67	127
note	41.6979	0.361979	70	127
note	41.7005	0.53125	75	127
note	42.0781	0.179688	63	127
note	42.2604	0.179688	62	127
note	41.6927	0.911458	55	127
note	42.444	0.361979	63	127
note	42.8086	0.179688	51	127
note	42.8086	0.253906	67	127
note	42.9909	0.179688	53	127
note	43.1732	0.179688	55	127
note	43.3555	0.179688	53	127
note	43.1732	0.361979	58	127
note	43.5391	0.179688	55	127
note	43.5391	0.253906	63	127
note	43.7214	0.179688	51	127
note	44.2682	0.179688	65	127
note	44.4505	0.179688	63	127
note	44.2682	0.713542	46	127
note	44.6341	0.361979	65	127
note	44.9987	0.179688	46	127
note	44.9987	0.253906	68	127
note	43.9036	1.45573	58	127
note	45.181	0.179688	48	127
note	45.3633	0.179688	50	127
note	45.5456	0.179688	48	127
note	45.3633	0.53125	58	127
note	45.7292	0.179688	50	127
note	45.7292	0.253906	65	127
note	45.9115	0.179688	46	127
note	46.0938	0.361979	67	127
note	46.4583	0.179688	70	127
note	46.6406	0.179688	68	127
note	46.4583	0.645833	39	127
note	46.8229	0.361979	70	127
note	46.0938	1.09245	51	127
note	47.1888	0.179688	61	127
note	47.1888	0.253906	75	127
note	47.3711	0.179688	60	127
note	47.5534	0.179688	58	127
note	47.7357	0.179688	60	127
note	47.5534	0.361979	67	127
note	47.918	0.179688	56	127
note	47.918	0.253906	70	127
note	48.1016	0.179688	58	127
note	48.2839	0.179688	55	127
note	48.4661	0.179688	56	127
note	48.2839	0.361979	63	127
note	48.6484	0.179688	67	127
note	48.6484	0.179688	53	127
note	48.8307	0.179688	65	127
note	48.8307	0.179688	55	127
note	49.013	0.179688	51	127
note	49.013	0.361979	67	127
note	49.1966	0.179688	53	127
note	49.3789	0.179688	49	127
note	49.3789	0.253906	70	127
note	49.5612	0.179688	51	127
note	49.7435	0.179688	48	127
note	49.9258	0.179688	49	127
note	49.7435	0.361979	63	127
note	50.1081	0.179688	46	127
note	50.1081	0.253906	67	127
note	50.2917	0.179688	48	127
note	50.474	0.360677	60	127
note	50.474	0.53125	44	127
note	50.8385	0.179688	63	127
note	51.0208	0.179688	61	127
note	51.2031	0.361979	63	127
note	51.569	0.190104	78	127
note	51.569	0.294271	66	127
note	51.7513	0.190104	77	127
note	51.9336	0.190104	75	127
note	51.9336	0.361979	60	127
note	52.1159	0.190104	77	127
note	52.2982	0.190104	73	127
note	52.2982	0.294271	63	127
note	52.4805	0.190104	75	127
note	52.6641	0.190104	72	127
note	52.6641	0.361979	56	127
note	52.8464	0.190104	73	127
note	53.0286	0.179688	60	127
note	53.0286	0.190104	70	127
note	53.2109	0.179688	58	127
note	53.2109	0.190104	72	127
note	53.3932	0.190104	68	127
note	53.3932	0.361979	60	127
note	53.5755	0.190104	70	127
note	53.7591	0.190104	66	127
note	53.7591	0.285156	63	127
note	53.9414	0.190104	68	127
note	54.1237	0.190104	65	127
note	54.1237	0.361979	56	127
note	54.306	0.190104	66	127
note	54.4883	0.190104	63	127
note	54.4883	0.285156	60	127
note	54.6706	0.179688	65	127
note	54.8542	0.361979	61	127
note	55.2188	0.179688	73	127
note	55.401	0.179688	72	127
note	54.8542	0.873698	53	127
note	55.7656	0.179688	56	127
note	55.5833	0.361979	73	127
note	55.9479	0.179688	58	127
note	55.9479	0.253906	77	127
note	56.1315	0.179688	60	127
note	56.3138	0.179688	61	127
note	56.4961	0.179688	58	127
note	56.3138	0.361979	70	127
note	56.6784	0.179688	55	127
note	56.6784	0.253906	73	127
note	56.8607	0.179688	58	127
note	57.043	0.361979	67	127
note	57.4089	0.179688	72	127
note	57.5911	0.179688	70	127
note	57.043	0.835938	51	127
note	57.9557	0.179688	55	127
note	57.7734	0.361979	72	127
note	58.138	0.179688	56	127
note	58.138	0.253906	75	127
note	58.3216	0.179688	58	127
note	58.5039	0.179688	60	127
note	58.6862	0.179688	56	127
note	58.5039	0.361979	68	127
note	58.8685	0.179688	53	127
note	58.8685	0.253906	72	127
note	59.0508	0.179688	56	127
note	59.2331	0.190104	49	127
note	59.2331	0.361979	65	127
note	59.4167	0.179688	51	127
note	59.599	0.179688	70	127
note	59.599	0.190104	48	127
note	59.7812	0.179688	68	127
note	59.7812	0.179688	51	127
note	59.9635	0.208333	49	127
note	60.1458	0.179688	53	127
note	59.9635	0.361979	70	127
note	60.3281	0.179688	55	127
note	60.3281	0.253906	73	127
note	60.5104	0.179688	56	127
note	60.694	0.179688	58	127
note	60.8763	0.179688	55	127
note	60.694	0.361979	67	127
note	61.0586	0.179688	51	127
note	61.0586	0.253906	70	127
note	61.2409	0.179688	55	127
note	61.4232	0.190104	48	127
note	61.6055	0.179688	49	127
note	61.4232	0.361979	63	127
note	61.7891	0.179688	68	127
note	61.7891	0.190104	46	127
note	61.9714	0.179688	67	127
note	61.9714	0.179688	49	127
note	62.1536	0.208333	48	127
note	62.3359	0.179688	51	127
note	62.1536	0.361979	68	127
note	62.5182	0.179688	53	127
note	62.5182	0.253906	72	127
note	62.7005	0.179688	55	127
note	62.8841	0.179688	56	127
note	63.0664	0.179688	53	127
note	62.8841	0.361979	65	127
note	63.2487	0.179688	49	127
note	63.2487	0.253906	68	127
note	63.431	0.179688	53	127
note	63.6133	0.227865	46	127
note	63.7956	0.179688	56	127
note	63.6133	0.361979	61	127
note	63.9792	0.179688	70	127
note	63.9792	0.179688	55	127
note	64.1615	0.179688	68	127
note	64.1615	0.360677	56	127
note	64.3438	0.227865	49	127
note	64.526	0.179688	56	127
note	64.3438	0.361979	70	127
note	64.7083	0.179688	55	127
note	64.7083	0.253906	73	127
note	64.8906	0.360677	56	127
note	65.0729	0.227865	46	127
note	65.0729	0.361979	67	127
note	65.2565	0.179688	56	127
note	65.4388	0.179688	55	127
note	65.4388	0.253906	70	127
note	65.6211	0.360677	56	127
note	65.8034	0.227865	48	127
note	65.9857	0.179688	56	127
note	65.8034	0.361979	63	127
note	66.168	0.179688	72	127
note	66.168	0.179688	55	127
note	66.3516	0.179688	70	127
note	66.3516	0.360677	56	127
note	66.5339	0.227865	51	127
note	66.7161	0.179688	56	127
note	66.5339	0.361979	72	127
note	66.8984	0.179688	55	127
note	66.8984	0.253906	75	127
note	67.0807	0.322917	56	127
note	67.263	0.227865	48	127
note	67.263	0.361979	68	127
note	67.4466	0.179688	56	127
note	67.6289	0.179688	55	127
note	67.6289	0.253906	72	127
note	67.8112	0.265625	56	127
note	67.9935	0.227865	49	127
note	67.9935	0.361979	65	127
note	68.1758	0.322917	56	127
note	68.3581	0.179688	73	127
note	68.3581	0.179688	54	127
note	68.5417	0.179688	72	127
note	68.5417	0.322917	56	127
note	68.724	0.179688	53	127
note	68.724	0.361979	73	127
note	68.9062	0.322917	56	127
note	69.0885	0.179688	51	127
note	69.0885	0.285156	77	127
note	69.2708	0.322917	56	127
note	69.4531	0.179688	49	127
note	69.4531	0.361979	70	127
note	69.6354	0.322917	56	127
note	69.819	0.179688	48	127
note	69.819	0.285156	73	127
note	70.0013	0.179688	56	127
note	70.1836	0.179688	46	127
note	70.3659	0.179688	49	127
note	70.1836	0.361979	67	127
note	70.5482	0.179688	48	127
note	70.5482	0.285156	70	127
note	70.7305	0.179688	51	127
note	70.9141	0.179688	49	127
note	71.0964	0.179688	53	127
note	70.9141	0.361979	63	127
note	71.2786	0.179688	51	127
note	71.2786	0.294271	67	127
note	71.4609	0.179688	49	127
note	71.6432	0.179688	68	127
note	71.6432	0.179688	48	127
note	71.8255	0.179688	67	127
note	71.8255	0.179688	51	127
note	72.0091	0.179688	49	127
note	72.1914	0.179688	53	127
note	72.0091	0.545573	68	127
note	72.556	0.179688	67	127
note	72.3737	0.361979	51	127
note	72.7383	0.179688	68	127
note	72.7383	0.179688	53	127
note	72.9206	0.179688	70	127
note	72.9206	0.179688	49	127
note	73.1042	0.170573	72	127
note	73.2865	0.0885417	70	127
note	73.3776	0.0885417	72	127
note	73.1042	0.361979	51	127
note	73.4688	0.0885417	70	127
note	73.5599	0.0885417	72	127
note	73.651	0.0885417	70	127
note	73.7422	0.0885417	72	127
note	73.4688	0.361979	49	127
note	73.1042	0.911458	67	127
note	73.8333	0.49349	70	127
note	74.3698	0.16276	68	127
note	73.8333	0.721354	51	127
note	74.1979	0.361979	39	127
note	74.5638	0.361979	68	127
note	74.9284	0.179688	75	127
note	75.1107	0.179688	73	127
note	75.293	0.361979	75	127
note	74.5638	1.09245	44	127
note	75.6589	0.253906	72	127
note	76.0234	0.332031	67	127
note	75.293	1.09245	56	127
note	76.388	0.332031	70	127
note	76.7539	0.0885417	70	127
note	76.8451	0.0885417	68	127
note	76.9362	0.0885417	70	127
note	77.0273	0.0885417	68	127
note	77.1185	0.0885417	70	127
note	77.1185	0.179688	53	127
note	76.7539	0.721354	65	127
note	77.3008	0.179688	51	127
note	77.2096	0.270833	68	127
note	77.4831	0.361979	53	127
note	77.849	0.303385	56	127
note	77.4831	0.873698	75	127
note	78.3958	0.179688	66	127
note	78.2135	0.361979	49	127
note	78.5781	0.179688	65	127
note	78.5781	0.303385	53	127
note	78.7604	0.179688	63	127
note	78.944	0.361979	61	127
note	79.3086	0.179688	73	127
note	79.4909	0.179688	72	127
note	79.6732	0.361979	73	127
note	78.944	1.09245	46	127
note	80.0391	0.253906	70	127
note	80.4036	0.332031	65	127
note	79.6732	1.09245	58	127
note	80.7682	0.332031	68	127
note	81.1341	0.0885417	68	127
note	81.2253	0.0885417	67	127
note	81.3164	0.0885417	68	127
note	81.4076	0.0885417	67	127
note	81.4987	0.0885417	68	127
note	81.4987	0.179688	51	127
note	81.1341	0.721354	63	127
note	81.681	0.179688	49	127
note	81.5898	0.270833	67	127
note	81.8633	0.361979	51	127
note	82.2292	0.303385	55	127
note	81.8633	0.873698	73	127
note	82.776	0.179688	65	127
note	82.5938	0.361979	48	127
note	82.9583	0.179688	63	127
note	82.9583	0.303385	51	127
note	83.1406	0.179688	61	127
note	83.3229	0.364583	60	127
note	83.3229	0.364583	44	127
note	83.5078	0.182292	72	127
note	83.5078	0.182292	56	127
note	83.6927	0.182292	70	127
note	83.6927	0.182292	55	127
note	83.8763	0.182292	72	127
note	83.8763	0.182292	56	127
note	84.0612	0.182292	53	127
note	84.0612	0.210938	68	127
note	84.2461	0.182292	72	127
note	84.2461	0.182292	56	127
note	84.4297	0.182292	51	127
note	84.4297	0.210938	67	127
note	84.6146	0.182292	72	127
note	84.6146	0.182292	56	127
note	84.7982	0.182292	49	127
note	84.7982	0.210938	65	127
note	84.9831	0.182292	72	127
note	84.9831	0.182292	56	127
note	85.168	0.182292	48	127
note	85.168	0.210938	63	127
note	85.3516	0.182292	72	127
note	85.3516	0.182292	56	127
note	85.5365	0.36849	61	127
note	85.5365	0.36849	46	127
note	85.7227	0.183594	73	127
note	85.7227	0.183594	58	127
note	85.9089	0.183594	72	127
note	85.9089	0.183594	56	127
note	86.0951	0.183594	73	127
note	86.0951	0.183594	58	127
note	86.2812	0.183594	55	127
note	86.2812	0.21224	70	127
note	86.4674	0.183594	73	127
note	86.4674	0.183594	58	127
note	86.6536	0.183594	53	127
note	86.6536	0.21224	68	127
note	86.8398	0.183594	73	127
note	86.8398	0.183594	58	127
note	87.0273	0.183594	51	127
note	87.0273	0.21224	67	127
note	87.2135	0.183594	73	127
note	87.2135	0.183594	58	127
note	87.3997	0.183594	49	127
note	87.3997	0.21224	65	127
note	87.5859	0.183594	73	127
note	87.5859	0.183594	58	127
note	87.7721	0.376302	63	127
note	88.1497	0.0716146	70	127
note	88.224	0.0729167	68	127
note	88.3008	0.0716146	70	127
note	88.375	0.0729167	68	127
note	87.7721	0.744792	48	127
note	88.4505	0.0716146	67	127
note	88.1497	0.546875	60	127
note	88.5247	0.376302	68	127
note	88.9036	0.1875	53	127
note	88.9036	0.30599	72	127
note	89.0938	0.186198	55	127
note	89.2812	0.1875	56	127
note	89.4714	0.1875	55	127
note	89.2812	0.377604	65	127
note	89.6615	0.1875	56	127
note	89.8516	0.1875	53	127
note	89.6615	0.760417	68	127
note	90.0417	0.385417	73	127
note	90.4297	0.126302	68	127
note	90.5586	0.126302	67	127
note	90.0417	0.766927	58	127
note	90.6888	0.126302	65	127
note	90.4297	0.44401	46	127
note	91.207	0.191406	51	127
note	91.207	0.34375	70	127
note	91.401	0.191406	53	127
note	91.5951	0.191406	55	127
note	91.7891	0.191406	53	127
note	91.5951	0.385417	63	127
note	90.8177	1.16276	67	127
note	91.9831	0.191406	55	127
note	91.9831	0.34375	67	127
note	92.1771	0.191406	51	127
note	92.3711	0.425781	72	127
note	92.3711	0.425781	56	127
note	92.7982	0.425781	65	127
note	92.7982	0.425781	68	127
note	92.7982	0.425781	61	127
note	92.7982	0.425781	49	127
note	93.2266	0.425781	51	127
note	93.6536	0.425781	49	127
note	93.4844	0.601562	68	127
note	94.082	0.496094	51	127
note	93.3555	1.71745	63	127
note	94.5794	0.496094	39	127
note	94.082	0.99349	67	127
note	93.2266	1.84896	58	127
note	95.0781	2.98568	60	127
note	95.0781	2.98568	44	127
note	95.0794	2.98568	63	127
note	95.082	2.98568	68	127
note	99.0833	0.501302	56	127
note	99.5911	0.47526	63	127
note	100.099	0.501302	60	127
note	100.605	0.47526	56	127
note	101.113	0.488281	65	127
note	101.621	0.488281	61	127
note	102.129	1.26302	63	127
note	103.143	0.502604	51	127
note	103.398	0.248698	61	127
note	103.654	0.248698	60	127
note	103.654	0.476562	56	127
note	103.908	0.248698	61	127
note	104.163	0.248698	63	127
note	104.163	0.502604	55	127
note	104.418	0.248698	65	127
note	104.672	0.248698	67	127
note	104.672	0.476562	51	127
note	104.927	0.248698	63	127
note	105.182	0.248698	68	127
note	105.182	0.489583	60	127
note	105.436	0.248698	70	127
note	105.691	0.248698	72	127
note	105.691	0.489583	56	127
note	105.945	0.248698	70	127
note	106.201	0.248698	68	127
note	106.201	0.502604	58	127
note	106.456	0.248698	67	127
note	106.71	0.248698	65	127
note	106.71	0.476562	51	127
note	106.965	0.248698	68	127
note	107.22	0.501302	58	127
note	107.727	0.47526	55	127
note	108.234	0.501302	56	127
note	107.22	1.92839	67	127
note	108.742	0.47526	51	127
note	109.25	0.501302	56	127
note	109.758	0.488281	53	127
note	109.25	1.26302	65	127
note	110.52	0.248698	63	127
note	110.775	0.248698	62	127
note	111.03	0.248698	65	127
note	110.266	1.26693	55	127
note	111.539	0.248698	48	127
note	111.793	0.248698	49	127
note	112.048	0.248698	51	127
note	112.303	0.248698	53	127
note	112.557	0.248698	55	127
note	111.284	1.52214	63	127
note	112.812	0.248698	61	127
note	112.812	0.248698	56	127
note	113.068	0.248698	60	127
note	113.068	0.248698	53	127
note	113.322	0.248698	61	127
note	113.322	0.248698	58	127
note	113.577	0.248698	65	127
note	113.577	0.248698	60	127
note	113.832	0.248698	70	127
note	113.832	0.248698	61	127
note	114.086	0.248698	68	127
note	114.086	0.248698	60	127
note	114.341	0.248698	67	127
note	114.341	0.248698	58	127
note	114.595	0.248698	65	127
note	114.595	0.248698	56	127
note	114.85	0.248698	63	127
note	114.85	0.248698	55	127
note	115.105	0.248698	61	127
note	115.105	0.248698	58	127
note	115.359	0.248698	60	127
note	115.359	0.502604	68	127
note	115.615	0.248698	58	127
note	115.87	0.248698	60	127
note	115.87	0.463542	75	127
note	116.124	0.248698	61	127
note	115.359	1.26693	56	127
note	116.379	0.502604	72	127
note	116.634	0.248698	44	127
note	116.888	0.248698	46	127
note	116.888	0.463542	68	127
note	116.379	1.00651	63	127
note	117.143	0.248698	48	127
note	117.398	0.248698	49	127
note	117.398	0.489583	77	127
note	117.652	0.248698	51	127
note	117.908	0.248698	53	127
note	117.908	0.489583	73	127
note	118.161	0.248698	51	127
note	117.398	1.01302	56	127
note	118.417	0.248698	49	127
note	118.672	0.248698	48	127
note	118.926	0.248698	46	127
note	119.181	0.248698	49	127
note	118.417	1.01302	55	127
note	119.436	0.248698	56	127
note	119.69	0.248698	58	127
note	119.436	0.502604	63	127
note	119.436	0.757812	48	127
note	119.945	0.463542	68	127
note	119.945	0.502604	60	127
note	120.201	0.248698	50	127
note	120.454	0.248698	51	127
note	120.454	0.502604	67	127
note	120.71	0.248698	53	127
note	120.454	0.757812	58	127
note	120.964	0.476562	63	127
note	121.219	0.248698	58	127
note	118.417	3.05078	75	127
note	120.964	0.757812	55	127
note	121.474	0.489583	72	127
note	121.728	0.248698	55	127
note	121.474	0.502604	56	127
note	121.983	0.248698	53	127
note	121.983	0.489583	68	127
note	121.983	0.502604	60	127
note	122.238	0.248698	51	127
note	122.492	0.248698	50	127
note	122.492	0.502604	53	127
note	122.747	0.248698	46	127
note	123.003	0.248698	48	127
note	123.257	0.248698	50	127
note	121.474	2.03385	80	127
note	122.492	1.26562	70	127
note	123.764	0.248698	63	127
note	124.02	0.248698	65	127
note	124.273	0.248698	67	127
note	123.509	1.01302	79	127
note	124.529	0.248698	68	127
note	123.509	1.52214	51	127
note	124.784	0.248698	70	127
note	125.038	0.248698	72	127
note	125.038	0.476562	56	127
note	125.293	0.248698	70	127
note	125.548	0.248698	68	127
note	125.802	0.248698	67	127
note	125.548	0.502604	50	127
note	126.057	0.248698	65	127
note	126.057	0.476562	58	127
note	126.311	0.248698	68	127
note	124.529	2.28646	77	127
note	126.822	0.248698	70	127
note	127.076	0.248698	72	127
note	127.331	0.248698	74	127
note	126.566	1.26693	51	127
note	127.84	0.248698	51	127
note	128.095	0.248698	53	127
note	126.566	2.03125	67	127
note	128.35	0.248698	55	127
note	128.604	0.248698	56	127
note	128.859	0.248698	58	127
note	127.586	1.52214	75	127
note	129.113	0.248698	60	127
note	129.113	0.489583	80	127
note	129.368	0.248698	58	127
note	129.624	0.248698	56	127
note	129.878	0.248698	55	127
note	129.624	0.502604	73	127
note	130.133	0.248698	53	127
note	130.133	0.489583	82	127
note	130.388	0.248698	56	127
note	128.604	2.03385	65	127
note	130.893	0.248698	63	127
note	130.641	0.501302	55	127
note	131.148	0.248698	65	127
note	131.402	0.248698	67	127
note	130.641	1.01042	73	127
note	131.148	0.583333	51	127
note	131.913	0.248698	44	127
note	132.167	0.248698	46	127
note	132.422	0.248698	48	127
note	131.658	1.01302	72	127
note	132.677	0.248698	49	127
note	132.931	0.248698	51	127
note	133.186	0.248698	53	127
note	133.44	0.248698	51	127
note	131.658	2.03125	68	127
note	133.695	0.248698	49	127
note	133.951	0.248698	48	127
note	134.204	0.248698	46	127
note	133.695	1.00651	67	127
note	134.46	0.248698	49	127
note	132.677	2.03125	70	127
note	135.221	0.248698	67	127
note	135.477	0.248698	65	127
note	135.732	0.248698	63	127
note	134.715	1.26562	48	127
note	135.986	0.248698	61	127
note	135.986	0.248698	49	127
note	135.732	0.502604	56	127
note	136.241	0.248698	60	127
note	136.241	0.248698	51	127
note	136.241	0.463542	63	127
note	136.496	0.248698	61	127
note	136.496	0.248698	48	127
note	134.715	2.28385	68	127
note	136.75	0.463542	60	127
note	136.75	0.502604	63	127
note	137.005	0.248698	68	127
note	137.26	0.248698	70	127
note	137.514	0.248698	72	127
note	137.26	0.502604	56	127
note	136.75	1.26693	53	127
note	137.77	0.489583	65	127
note	138.025	0.248698	51	127
note	138.279	0.248698	53	127
note	138.279	0.489583	61	127
note	138.534	0.248698	49	127
note	138.788	0.248698	56	127
note	137.77	1.51042	73	127
note	138.788	0.502604	68	127
note	139.043	0.248698	70	127
note	139.043	0.248698	55	127
note	139.298	0.248698	72	127
note	139.298	0.248698	56	127
note	139.552	0.248698	75	127
note	139.552	0.248698	58	127
note	138.788	1.01302	63	127
note	139.807	0.248698	80	127
note	139.807	0.502604	60	127
note	140.062	0.248698	79	127
note	140.316	0.248698	80	127
note	140.316	0.476562	55	127
note	140.572	0.248698	82	127
note	140.827	0.248698	84	127
note	141.081	0.248698	82	127
note	140.827	0.502604	56	127
note	141.336	0.248698	80	127
note	141.336	0.476562	53	127
note	141.59	0.248698	79	127
note	139.807	2.03125	63	127
note	141.845	0.248698	77	127
note	141.845	0.502604	58	127
note	142.1	0.248698	79	127
note	142.354	0.248698	80	127
note	142.354	0.476562	53	127
note	142.609	0.248698	84	127
note	142.865	0.248698	82	127
note	143.118	0.248698	80	127
note	142.865	0.502604	55	127
note	143.374	0.248698	79	127
note	143.374	0.476562	51	127
note	141.845	2.03125	61	127
note	143.629	0.248698	77	127
note	143.883	0.248698	75	127
note	143.883	0.502604	56	127
note	144.138	0.248698	77	127
note	144.393	0.248698	79	127
note	144.393	0.476562	51	127
note	144.647	0.248698	82	127
note	144.902	0.248698	80	127
note	145.156	0.248698	79	127
note	144.902	0.502604	53	127
note	145.411	0.248698	77	127
note	145.411	0.476562	50	127
note	143.883	2.03125	60	127
note	145.667	0.248698	75	127
note	145.921	0.248698	74	127
note	145.921	0.502604	55	127
note	146.176	0.248698	75	127
note	146.431	0.248698	77	127
note	146.431	0.476562	50	127
note	146.685	0.248698	80	127
note	146.94	0.248698	79	127
note	146.94	0.502604	52	127
note	147.195	0.248698	77	127
note	147.449	0.248698	76	127
note	147.449	0.476562	48	127
note	145.921	2.03125	58	127
note	147.704	0.248698	79	127
note	147.958	0.248698	77	127
note	147.958	0.489583	50	127
note	147.958	0.502604	65	127
note	147.958	0.502604	56	127
note	148.214	0.248698	76	127
note	148.469	0.248698	77	127
note	148.469	0.476562	72	127
note	148.469	0.489583	52	127
note	148.723	0.248698	79	127
note	148.469	0.757812	55	127
note	148.978	0.502604	72	127
note	148.978	0.502604	68	127
note	149.233	0.248698	58	127
note	149.487	0.248698	56	127
note	149.487	0.476562	65	127
note	149.742	0.248698	55	127
note	148.978	1.01302	53	127
note	149.997	0.248698	53	127
note	150.251	0.248698	52	127
note	149.997	0.502604	73	127
note	149.487	1.01302	77	127
note	150.507	0.248698	79	127
note	150.507	0.248698	53	127
note	150.507	0.502604	70	127
note	150.762	0.248698	76	127
note	150.762	0.248698	55	127
note	149.997	1.01302	46	127
note	151.016	0.248698	77	127
note	151.016	0.248698	56	127
note	151.016	0.502604	72	127
note	151.271	0.248698	76	127
note	151.271	0.248698	58	127
note	151.525	0.248698	77	127
note	151.525	0.248698	74	127
note	151.525	0.248698	56	127
note	151.016	1.00651	53	127
note	151.78	0.248698	79	127
note	151.78	0.248698	76	127
note	151.78	0.248698	55	127
note	152.288	0.248698	41	127
note	152.035	0.501302	53	127
note	152.543	0.248698	43	127
note	152.035	0.911458	77	127
note	152.797	0.248698	44	127
note	152.543	0.502604	72	127
note	153.052	0.248698	46	127
note	153.306	0.248698	44	127
note	153.561	0.248698	43	127
note	153.052	0.911458	73	127
note	153.816	0.248698	41	127
note	152.035	2.02995	80	127
note	154.07	0.248698	39	127
note	153.561	1.00651	70	127
note	154.326	0.248698	41	127
note	154.581	0.248698	43	127
note	154.07	0.911458	75	127
note	154.835	0.248698	46	127
note	154.581	0.502604	70	127
note	155.09	0.248698	44	127
note	155.345	0.248698	43	127
note	155.599	0.248698	41	127
note	155.09	0.911458	72	127
note	154.07	2.03125	79	127
note	155.854	0.248698	39	127
note	156.108	0.248698	37	127
note	155.599	1.00651	68	127
note	156.363	0.248698	39	127
note	156.618	0.248698	41	127
note	156.108	0.911458	73	127
note	156.872	0.248698	44	127
note	156.618	0.502604	68	127
note	157.128	0.248698	70	127
note	157.128	0.502604	43	127
note	157.383	0.248698	72	127
note	157.637	0.248698	73	127
note	157.637	0.502604	46	127
note	156.108	2.03125	77	127
note	157.892	0.248698	72	127
note	158.147	0.248698	70	127
note	158.401	0.248698	68	127
note	158.656	0.248698	67	127
note	158.147	1.00651	48	127
note	158.656	0.502604	36	127
note	158.911	0.248698	70	127
note	158.147	1.01302	76	127
note	159.165	0.315104	41	127
note	159.418	0.246094	48	127
note	159.672	0.248698	50	127
note	159.165	1.0026	68	127
note	159.926	0.248698	52	127
note	159.165	1.26302	77	127
note	160.435	0.248698	75	127
note	160.69	0.248698	73	127
note	160.945	0.248698	72	127
note	161.199	0.248698	70	127
note	161.454	0.248698	68	127
note	161.71	0.248698	67	127
note	161.964	0.248698	68	127
note	160.181	2.03385	53	127
note	162.216	0.248698	70	127
note	161.71	1.00521	58	127
note	162.471	0.248698	73	127
note	162.727	0.248698	72	127
note	162.216	1.00651	52	127
note	162.98	0.248698	70	127
note	163.236	0.248698	69	127
note	162.727	1.00651	60	127
note	163.491	0.248698	72	127
note	163.745	0.248698	73	127
note	163.236	1.00651	51	127
note	163.745	0.502604	57	127
note	164	0.248698	75	127
note	164.255	0.248698	77	127
note	164.509	0.248698	75	127
note	164.255	0.502604	58	127
note	164.764	0.248698	73	127
note	164.764	0.502604	65	127
note	165.02	0.248698	72	127
note	164.255	1.01302	49	127
note	165.273	0.248698	70	127
note	165.273	0.502604	61	127
note	165.529	0.248698	73	127
note	165.783	0.248698	78	127
note	165.783	0.502604	58	127
note	166.038	0.248698	77	127
note	166.293	0.248698	75	127
note	166.547	0.248698	73	127
note	166.293	0.502604	66	127
note	165.273	1.52214	54	127
note	166.802	0.248698	72	127
note	166.802	0.248698	54	127
note	166.802	0.502604	63	127
note	167.057	0.248698	70	127
note	167.057	0.248698	53	127
note	167.311	0.248698	51	127
note	167.566	0.248698	54	127
note	167.822	0.248698	53	127
note	168.076	0.248698	51	127
note	167.311	1.01302	69	127
note	167.311	1.01302	65	127
note	168.331	0.248698	70	127
note	168.331	0.248698	49	127
note	168.585	0.248698	72	127
note	168.585	0.248698	48	127
note	168.331	0.502604	65	127
note	168.84	0.248698	46	127
note	168.84	0.502604	70	127
note	169.095	0.248698	49	127
note	169.349	0.248698	51	127
note	169.349	0.502604	66	127
note	169.604	0.248698	53	127
note	168.84	1.01302	73	127
note	169.859	0.248698	72	127
note	169.859	0.248698	54	127
note	170.113	0.248698	73	127
note	170.113	0.248698	51	127
note	169.859	0.502604	63	127
note	168.331	2.03125	58	127
note	170.368	0.248698	57	127
note	170.368	0.502604	72	127
note	170.624	0.248698	58	127
note	170.878	0.248698	60	127
note	170.878	0.502604	69	127
note	171.133	0.248698	57	127
note	170.368	1.01302	53	127
note	170.368	1.26693	75	127
note	171.642	0.248698	72	127
note	171.388	0.502604	53	127
note	171.388	0.740885	46	127
note	171.897	0.246094	73	127
note	171.897	0.246094	58	127
note	172.15	0.248698	77	127
note	172.15	0.248698	60	127
note	171.388	1.26562	70	127
note	172.659	0.248698	65	127
note	172.405	0.502604	82	127
note	172.914	0.248698	66	127
note	172.914	0.502604	77	127
note	173.169	0.248698	68	127
note	173.423	0.248698	70	127
note	173.423	0.502604	78	127
note	173.678	0.248698	68	127
note	173.932	0.248698	66	127
note	173.932	0.502604	75	127
note	174.188	0.248698	65	127
note	172.405	2.03125	61	127
note	174.443	0.248698	63	127
note	174.697	0.248698	65	127
note	174.443	0.502604	80	127
note	174.952	0.248698	66	127
note	174.952	0.502604	75	127
note	175.207	0.248698	70	127
note	175.461	0.248698	68	127
note	175.461	0.502604	77	127
note	175.716	0.248698	66	127
note	175.971	0.248698	73	127
note	175.971	0.248698	65	127
note	176.225	0.248698	77	127
note	176.225	0.248698	63	127
note	174.443	2.03125	60	127
note	176.48	0.248698	61	127
note	176.734	0.248698	63	127
note	176.48	0.502604	78	127
note	176.99	0.248698	65	127
note	176.99	0.502604	73	127
note	177.245	0.248698	68	127
note	177.499	0.248698	66	127
note	177.499	0.502604	75	127
note	177.754	0.248698	65	127
note	178.009	0.248698	63	127
note	178.263	0.248698	61	127
note	178.009	0.502604	72	127
note	176.48	2.03125	58	127
note	178.518	0.248698	60	127
note	178.518	0.502604	77	127
note	178.773	0.248698	61	127
note	179.027	0.248698	63	127
note	179.027	0.502604	72	127
note	179.283	0.248698	66	127
note	178.518	1.01302	57	127
note	179.538	0.248698	58	127
note	179.792	0.248698	63	127
note	180.047	0.248698	61	127
note	180.301	0.248698	60	127
note	179.538	1.01302	65	127
note	180.556	0.248698	58	127
note	180.556	0.502604	65	127
note	180.811	0.248698	56	127
note	181.065	0.248698	55	127
note	181.065	0.502604	70	127
note	181.32	0.248698	53	127
note	181.576	0.248698	51	127
note	181.829	0.248698	61	127
note	182.085	0.248698	60	127
note	181.576	0.911458	67	127
note	182.34	0.248698	58	127
note	179.538	3.05078	73	127
note	182.594	0.248698	56	127
note	182.594	0.502604	72	127
note	182.849	0.248698	55	127
note	182.085	1.01302	63	127
note	183.103	0.248698	53	127
note	183.103	0.502604	77	127
note	183.103	0.502604	68	127
note	183.358	0.248698	55	127
note	183.613	0.248698	56	127
note	183.613	0.494792	65	127
note	183.867	0.248698	60	127
note	183.613	0.502604	74	127
note	184.122	0.248698	58	127
note	184.122	0.476562	62	127
note	184.378	0.248698	56	127
note	184.632	0.248698	55	127
note	184.122	0.911458	70	127
note	184.887	0.248698	53	127
note	185.142	0.248698	51	127
note	185.396	0.248698	49	127
note	185.142	0.502604	67	127
note	185.651	0.248698	68	127
note	185.651	0.502604	48	127
note	185.906	0.248698	70	127
note	186.16	0.248698	72	127
note	186.16	0.502604	56	127
note	184.632	2.03125	75	127
note	186.415	0.248698	70	127
note	186.669	0.248698	68	127
note	186.669	0.502604	58	127
note	186.924	0.248698	67	127
note	187.18	0.248698	65	127
note	187.434	0.248698	68	127
note	187.18	0.502604	46	127
note	186.669	1.01302	74	127
note	187.689	0.248698	67	127
note	187.944	0.248698	68	127
note	188.198	0.248698	70	127
note	188.453	0.248698	67	127
note	187.689	1.26693	51	127
note	188.962	0.248698	53	127
note	189.217	0.248698	55	127
note	189.471	0.248698	56	127
note	189.217	0.502604	70	127
note	187.689	2.03385	75	127
note	189.725	0.248698	58	127
note	188.708	1.43229	63	127
note	189.979	0.248698	60	127
note	190.234	0.248698	61	127
note	189.725	1.00651	67	127
note	190.49	0.248698	60	127
note	190.743	0.248698	58	127
note	190.234	1.00651	63	127
note	190.999	0.248698	56	127
note	191.254	0.248698	55	127
note	190.743	1.00651	73	127
note	191.508	0.248698	58	127
note	191.254	0.502604	70	127
note	191.763	0.248698	56	127
note	192.017	0.248698	51	127
note	192.272	0.248698	53	127
note	192.527	0.248698	55	127
note	192.781	0.248698	56	127
note	193.036	0.248698	58	127
note	193.292	0.248698	60	127
note	193.546	0.248698	61	127
note	191.763	2.03385	72	127
note	193.798	0.248698	63	127
note	192.781	1.43229	68	127
note	193.292	1.00521	75	127
note	194.053	0.248698	65	127
note	194.309	0.248698	66	127
note	193.798	1.00651	72	127
note	194.562	0.248698	65	127
note	194.309	0.502604	68	127
note	194.818	0.248698	63	127
note	195.073	0.248698	61	127
note	195.327	0.248698	60	127
note	194.818	1.00651	72	127
note	195.582	0.248698	63	127
note	194.818	1.01302	78	127
note	195.837	0.248698	61	127
note	196.091	0.248698	63	127
note	195.327	1.01302	75	127
note	196.346	0.248698	65	127
note	196.6	0.248698	63	127
note	196.346	0.502604	68	127
note	196.855	0.248698	61	127
note	197.111	0.248698	60	127
note	195.837	1.52344	77	127
note	197.363	0.248698	58	127
note	197.363	0.502604	79	127
note	197.618	0.248698	61	127
note	197.872	0.248698	60	127
note	198.128	0.248698	61	127
note	197.363	1.01302	73	127
note	196.855	1.52214	70	127
note	198.38	0.248698	63	127
note	198.38	0.502604	67	127
note	198.635	0.248698	61	127
note	198.889	0.248698	60	127
note	199.145	0.248698	58	127
note	197.872	1.52214	75	127
note	199.397	0.248698	57	127
note	198.889	1.00521	69	127
note	199.397	0.502604	77	127
note	199.652	0.248698	60	127
note	199.906	0.248698	58	127
note	200.161	0.248698	60	127
note	199.397	1.01302	72	127
note	200.417	0.248698	61	127
note	200.671	0.248698	60	127
note	200.417	0.502604	65	127
note	199.906	1.01302	73	127
note	200.926	0.248698	58	127
note	200.926	0.502604	73	127
note	201.181	0.248698	56	127
note	201.435	0.248698	55	127
note	201.435	0.502604	82	127
note	201.69	0.248698	58	127
note	201.945	0.248698	56	127
note	202.199	0.248698	58	127
note	201.945	0.502604	72	127
note	202.454	0.248698	73	127
note	202.454	0.248698	56	127
note	200.926	1.77734	70	127
note	202.708	0.248698	70	127
note	202.708	0.248698	55	127
note	202.964	0.248698	53	127
note	202.964	0.502604	72	127
note	203.219	0.248698	51	127
note	203.473	0.248698	53	127
note	203.473	0.502604	80	127
note	203.728	0.248698	49	127
note	202.964	1.26693	68	127
note	203.983	0.248698	51	127
note	204.237	0.248698	67	127
note	204.237	0.248698	49	127
note	203.983	0.502604	70	127
note	204.492	0.248698	68	127
note	204.492	0.248698	48	127
note	204.747	0.248698	70	127
note	204.747	0.248698	46	127
note	205.254	0.248698	75	127
note	205.001	0.501302	44	127
note	205.509	0.248698	77	127
note	205.509	0.502604	51	127
note	205.764	0.248698	79	127
note	205.001	1.26562	72	127
note	206.018	0.502604	48	127
note	206.273	0.248698	73	127
note	206.529	0.248698	75	127
note	206.783	0.248698	72	127
note	206.529	0.502604	44	127
note	206.018	1.26693	80	127
note	207.038	0.502604	53	127
note	207.293	0.248698	79	127
note	207.547	0.248698	77	127
note	207.547	0.502604	49	127
note	207.802	0.248698	80	127
note	207.038	1.26693	73	127
note	208.311	0.248698	72	127
note	208.566	0.248698	70	127
note	208.82	0.248698	73	127
note	208.056	1.01302	51	127
note	209.076	0.248698	52	127
note	209.076	0.502604	55	127
note	209.331	0.248698	58	127
note	209.585	0.248698	56	127
note	209.585	0.502604	60	127
note	209.84	0.248698	55	127
note	209.076	1.26693	72	127
note	210.349	0.248698	70	127
note	210.095	0.502604	56	127
note	210.095	0.502604	53	127
note	210.604	0.248698	68	127
note	210.858	0.248698	67	127
note	208.056	3.30469	79	127
note	211.113	0.502604	62	127
note	211.368	0.248698	72	127
note	211.113	0.757812	68	127
note	211.622	0.502604	59	127
note	211.878	0.248698	68	127
note	210.604	1.52344	53	127
note	212.13	0.248698	60	127
note	211.622	0.75651	77	127
note	212.385	0.248698	75	127
note	212.385	0.248698	51	127
note	212.641	0.248698	73	127
note	212.641	0.248698	53	127
note	212.895	0.248698	77	127
note	212.895	0.248698	55	127
note	212.13	1.01302	67	127
note	213.15	0.248698	56	127
note	213.404	0.248698	58	127
note	213.15	0.502604	63	127
note	213.659	0.248698	60	127
note	213.659	0.502604	68	127
note	212.13	2.03125	48	127
note	213.914	0.248698	58	127
note	214.168	0.248698	56	127
note	214.168	0.502604	65	127
note	214.423	0.248698	55	127
note	214.678	0.248698	53	127
note	214.932	0.248698	55	127
note	214.678	0.502604	61	127
note	213.15	2.03125	75	127
note	215.188	0.248698	56	127
note	215.188	0.502604	70	127
note	215.443	0.248698	55	127
note	215.697	0.248698	53	127
note	215.697	0.502604	67	127
note	214.168	2.03125	49	127
note	215.952	0.248698	51	127
note	216.206	0.248698	53	127
note	215.188	1.26693	73	127
note	216.461	0.248698	72	127
note	216.461	0.248698	51	127
note	216.716	0.248698	70	127
note	216.716	0.248698	49	127
note	216.97	0.248698	73	127
note	216.97	0.248698	53	127
note	217.225	0.236979	51	127
note	216.206	1.26693	44	127
note	217.225	0.502604	72	127
note	217.48	0.248698	41	127
note	216.206	1.52344	68	127
note	217.733	0.248698	43	127
note	217.987	0.248698	44	127
note	217.733	0.502604	77	127
note	218.242	0.25	46	127
note	218.499	0.25	48	127
note	218.755	0.25	49	127
note	219.012	0.25	51	127
note	218.755	0.50651	70	127
note	219.27	0.25	49	127
note	218.242	1.28255	73	127
note	219.526	0.25	48	127
note	219.27	0.50651	78	127
note	219.783	0.25	46	127
note	220.039	0.25	44	127
note	219.783	0.50651	75	127
note	219.783	0.50651	72	127
note	220.296	0.25	49	127
note	220.552	0.25	48	127
note	220.296	0.50651	75	127
note	220.809	0.25	49	127
note	221.065	0.25	53	127
note	220.296	1.02083	77	127
note	220.809	0.748698	73	127
note	221.322	0.25	51	127
note	220.296	1.28255	68	127
note	221.578	0.25	50	127
note	221.322	0.50651	80	127
note	221.836	0.25	48	127
note	222.092	0.25	46	127
note	221.836	0.50651	77	127
note	221.836	0.50651	74	127
note	222.349	0.25	51	127
note	222.605	0.25	50	127
note	222.349	0.50651	77	127
note	222.862	0.25	51	127
note	223.118	0.25	55	127
note	222.349	1.02083	79	127
note	222.862	0.748698	75	127
note	223.375	0.25	53	127
note	222.349	1.28255	70	127
note	223.632	0.25	52	127
note	223.375	0.50651	82	127
note	223.888	0.25	50	127
note	224.145	0.25	48	127
note	223.888	0.50651	79	127
note	223.888	0.50651	76	127
note	224.402	0.25	53	127
note	224.659	0.25	55	127
note	224.402	0.50651	80	127
note	224.402	0.50651	77	127
note	224.915	0.25	56	127
note	224.402	1.01432	72	127
note	225.172	0.25	53	127
note	224.915	0.50651	77	127
note	225.428	0.25	58	127
note	225.685	0.25	56	127
note	225.941	0.25	55	127
note	226.198	0.25	53	127
note	226.454	0.25	51	127
note	225.941	1.01432	70	127
note	226.711	0.25	49	127
note	226.454	0.50651	67	127
note	225.428	1.53385	73	127
note	226.969	0.25	48	127
note	227.225	0.25	46	127
note	226.969	0.50651	67	127
note	226.969	0.50651	70	127
note	227.482	0.25	44	127
note	226.969	1.01432	75	127
note	227.738	0.25	46	127
note	227.482	0.50651	72	127
note	227.482	0.50651	68	127
note	227.995	0.25	48	127
note	228.251	0.25	49	127
note	227.995	0.50651	77	127
note	227.995	0.50651	65	127
note	227.995	0.50651	68	127
note	228.508	0.252604	51	127
note	228.767	0.252604	49	127
note	229.025	0.252604	48	127
note	228.508	1.02734	72	127
note	228.508	1.02734	63	127
note	229.284	0.252604	49	127
note	229.542	0.510417	51	127
note	228.508	1.54688	68	127
note	229.542	1.02083	61	127
note	230.057	0.510417	67	127
note	230.057	0.510417	39	127
note	229.542	1.54297	70	127
note	231.091	0.252604	68	127
note	231.35	0.252604	67	127
note	230.574	1.13021	65	127
note	230.574	1.13021	60	127
note	230.574	1.18359	41	127
note	231.608	0.510417	68	127
note	231.867	0.252604	39	127
note	232.126	0.252604	41	127
note	232.384	0.252604	43	127
note	232.126	0.510417	75	127
note	232.126	0.510417	63	127
note	232.126	0.510417	70	127
note	232.643	0.261719	44	127
note	232.91	0.261719	46	127
note	232.643	0.529948	72	127
note	232.643	0.529948	68	127
note	233.178	0.261719	48	127
note	232.643	1.0599	63	127
note	233.447	0.261719	51	127
note	233.715	0.261719	49	127
note	233.178	1.0599	68	127
note	233.983	0.261719	48	127
note	233.715	0.529948	77	127
note	234.251	0.261719	46	127
note	234.52	0.261719	44	127
note	234.251	0.529948	73	127
note	234.251	0.529948	65	127
note	234.251	0.529948	70	127
note	234.788	0.27474	43	127
note	235.069	0.27474	41	127
note	235.35	0.27474	39	127
note	234.788	1.11328	70	127
note	235.632	0.27474	37	127
note	235.35	0.55599	67	127
note	235.913	0.27474	36	127
note	236.194	0.27474	39	127
note	234.788	1.68229	63	127
note	234.788	1.6862	75	127
note	236.477	0.27474	37	127
note	236.477	0.55599	58	127
note	236.477	0.55599	65	127
note	236.759	0.27474	41	127
note	237.339	0.291667	60	127
note	237.637	0.291667	61	127
note	237.04	1.18229	58	127
note	237.935	0.291667	65	127
note	237.04	1.1875	39	127
note	235.913	2.3151	68	127
note	238.574	0.332031	61	127
note	238.914	0.332031	60	127
note	238.233	1.34505	63	127
note	238.233	1.35286	67	127
note	238.233	1.35286	51	127
note	239.255	0.332031	61	127
note	239.595	4.76172	68	127
note	239.595	4.76172	60	127
note	239.595	4.76172	51	127
note	239.595	4.76172	44	127
