note	0.438802	0.351563	68	127
note	0.795573	0.351563	72	127
note	0.0833333	1.41016	65	127
note	0.0833333	1.42057	56	127
note	1.15104	0.704427	77	127
note	1.86458	0.351563	77	127
note	2.22005	0.351562	76	127
note	1.50781	1.41016	67	127
note	2.57682	0.351562	79	127
note	1.50781	1.42057	58	127
note	0.0833333	2.84505	53	127
note	3.28906	0.351562	72	127
note	3.64583	0.351562	77	127
note	4.0013	0.351562	76	127
note	2.93229	1.42057	60	127
note	2.93229	1.78125	68	127
note	4.71354	0.351562	72	127
note	5.07031	0.351562	70	127
note	4.35807	1.41016	77	127
note	2.93229	2.84505	53	127
note	4.35807	1.42057	56	127
note	5.42708	0.704427	68	127
note	6.13932	0.351562	68	127
note	6.49479	0.351562	67	127
note	6.85156	0.351562	70	127
note	5.78255	1.42057	58	127
note	5.78255	1.7513	73	127
note	7.5638	0.351562	73	127
note	7.92057	0.351562	72	127
note	7.20833	1.41016	64	127
note	8.27604	0.351562	70	127
note	5.78255	2.84505	53	127
note	7.20833	1.42057	55	127
note	8.63281	0.173177	68	127
note	8.63281	0.173177	65	127
note	8.8112	0.173177	67	127
note	8.98958	0.351562	56	127
note	9.34505	0.351562	60	127
note	8.98958	0.871094	68	127
note	8.63281	1.41016	53	127
note	9.88021	0.173177	70	127
note	10.0573	0.173177	72	127
note	9.70182	0.704427	65	127
note	10.2357	0.173177	70	127
note	10.4141	0.173177	72	127
note	10.5924	0.173177	70	127
note	10.4141	0.351562	65	127
note	10.7708	0.173177	72	127
note	10.9479	0.173177	70	127
note	10.7708	0.351562	64	127
note	11.1263	0.173177	68	127
note	10.0573	1.41016	55	127
note	11.3047	0.173177	70	127
note	11.1263	0.351562	67	127
note	11.8385	0.351562	68	127
note	12.1953	0.351562	64	127
note	11.4831	1.41016	72	127
note	12.5521	0.351562	65	127
note	11.4831	1.42057	56	127
note	13.2643	0.704427	73	127
note	12.9076	1.1875	61	127
note	13.6198	0.704427	67	127
note	13.9766	0.351562	70	127
note	12.9076	1.42057	58	127
note	14.3333	0.704427	60	127
note	14.6888	0.351562	52	127
note	15.0456	0.351562	55	127
note	14.3333	1.22396	64	127
note	14.3333	1.41016	48	127
note	15.5794	0.173177	65	127
note	15.7578	0.173177	67	127
note	15.401	0.704427	60	127
note	15.9362	0.173177	65	127
note	16.1146	0.173177	67	127
note	16.2917	0.173177	65	127
note	16.1146	0.351562	60	127
note	16.4701	0.173177	67	127
note	16.6484	0.173177	65	127
note	16.4701	0.351562	58	127
note	16.8268	0.173177	64	127
note	15.7578	1.41016	49	127
note	17.0052	0.173177	65	127
note	16.8268	0.351562	61	127
note	17.5391	0.351562	72	127
note	17.8958	0.351562	70	127
note	17.1823	1.41016	67	127
note	17.8958	0.708333	55	127
note	18.2513	0.704427	73	127
note	18.9635	0.351562	73	127
note	17.1823	2.13281	52	127
note	19.3203	0.351562	72	127
note	18.6081	1.26172	60	127
note	18.6081	1.41016	64	127
note	19.6771	0.351562	70	127
note	19.3203	0.708333	48	127
note	20.0326	0.188802	69	127
note	20.2253	0.188802	67	127
note	20.3893	0.351562	45	127
note	20.7448	0.351562	48	127
note	20.4193	0.856771	69	127
note	20.0326	1.41016	41	127
note	20.0326	1.41016	63	127
note	21.2799	0.173177	70	127
note	21.4583	0.173177	72	127
note	21.1016	0.704427	53	127
note	21.6354	0.173177	70	127
note	21.8138	0.173177	72	127
note	21.9922	0.173177	70	127
note	21.8138	0.351562	53	127
note	22.1706	0.173177	72	127
note	22.349	0.173177	70	127
note	22.1706	0.351562	51	127
note	22.526	0.173177	69	127
note	21.4583	1.41016	42	127
note	22.7044	0.173177	70	127
note	22.526	0.351562	54	127
note	23.2396	0.351562	65	127
note	22.8828	0.708333	45	127
note	23.5951	0.351562	63	127
note	23.5951	0.708333	48	127
note	23.9518	0.708333	66	127
note	24.6641	0.351562	66	127
note	24.3073	0.708333	45	127
note	25.0208	0.351562	65	127
note	25.3763	0.351562	63	127
note	22.8828	2.84505	72	127
note	25.0208	0.708333	41	127
note	26.0885	0.351562	72	127
note	26.4453	0.351562	70	127
note	26.8021	0.351562	73	127
note	25.7331	1.77734	46	127
note	27.5143	0.351562	46	127
note	27.1576	0.708333	67	127
note	27.8698	0.173177	70	127
note	28.0482	0.173177	68	127
note	27.8698	0.351562	48	127
note	28.2266	0.173177	67	127
note	28.4049	0.173177	68	127
note	28.2266	0.351562	49	127
note	25.7331	2.84505	61	127
note	28.9388	0.351562	60	127
note	28.5833	0.708333	43	127
note	29.2956	0.351562	61	127
note	29.2956	0.708333	46	127
note	29.651	0.708333	65	127
note	30.3646	0.351562	65	127
note	30.0078	0.708333	55	127
note	30.0078	0.708333	51	127
note	30.7201	0.351562	63	127
note	31.0768	0.351562	61	127
note	30.7201	0.708333	39	127
note	28.5833	2.84505	70	127
note	31.7891	0.351562	48	127
note	31.7891	0.351562	68	127
note	32.1458	0.351562	51	127
note	31.4323	1.41016	44	127
note	31.4323	1.41016	60	127
note	32.1458	1.03906	72	127
note	32.5013	0.704427	56	127
note	33.2135	0.351562	56	127
note	33.2135	0.351562	70	127
note	33.5703	0.351562	55	127
note	32.8581	1.41016	46	127
note	32.8581	1.41016	61	127
note	33.9271	0.351562	58	127
note	33.5703	1.03906	73	127
note	34.6393	0.351562	51	127
note	34.6393	0.351562	72	127
note	34.9948	0.351562	56	127
note	34.2826	1.41016	48	127
note	34.2826	1.41016	63	127
note	34.9948	1.03906	75	127
note	35.3516	0.704427	60	127
note	36.0638	0.351562	60	127
note	36.0638	0.351562	73	127
note	36.4206	0.351562	58	127
note	35.7083	1.41016	49	127
note	35.7083	1.41016	65	127
note	36.776	0.351562	61	127
note	36.4206	1.06771	77	127
note	37.1328	0.704427	67	127
note	37.4896	0.351562	55	127
note	37.4896	0.351562	75	127
note	37.8451	0.351562	58	127
note	37.8451	0.351562	73	127
note	37.1328	1.41016	51	127
note	38.2018	0.351562	72	127
note	38.2018	0.704427	63	127
note	38.5573	0.351562	70	127
note	38.9141	0.351562	63	127
note	38.9141	0.351562	67	127
note	39.2708	0.351562	61	127
note	39.2708	0.351562	68	127
note	38.5573	1.41016	53	127
note	39.6263	0.351562	65	127
note	39.6263	0.351562	73	127
note	39.9831	0.467448	72	127
note	40.4583	0.148438	70	127
note	40.3385	0.351562	65	127
note	40.5768	0.148438	72	127
note	40.6953	0.148438	70	127
note	40.8138	0.148438	72	127
note	40.6953	0.351562	63	127
note	39.9831	1.41016	55	127
note	41.0521	0.351562	61	127
note	40.9323	0.485677	70	127
note	41.7643	0.351562	63	127
note	41.4076	0.708333	56	127
note	42.1198	0.351562	65	127
note	42.4766	0.351562	67	127
note	42.1198	0.708333	55	127
note	42.8333	0.351562	68	127
note	43.1888	0.351562	67	127
note	42.8333	0.708333	53	127
note	43.901	0.351562	77	127
note	41.4076	2.84505	60	127
note	43.5456	0.708333	49	127
note	43.5456	1.03906	68	127
note	44.2578	0.473958	60	127
note	44.7331	0.148438	58	127
note	44.6146	0.351562	68	127
note	44.8516	0.148438	60	127
note	44.2578	1.03906	75	127
note	44.2578	1.41016	51	127
note	44.9701	0.704427	67	127
note	45.3268	0.351562	73	127
note	44.9701	0.708333	58	127
note	45.6823	0.390625	72	127
note	46.0885	0.351562	68	127
note	46.4583	0.351562	72	127
note	45.6823	1.43229	44	127
note	46.8138	0.351562	76	127
note	45.6823	1.79688	56	127
note	47.1706	0.351562	77	127
note	47.5339	0.333333	79	127
note	47.526	0.351562	56	127
note	47.8828	0.351562	55	127
note	47.8828	0.371094	76	127
note	48.2396	0.333333	77	127
note	48.2396	0.351562	53	127
note	48.5951	0.333333	79	127
note	48.9297	0.148438	77	127
note	49.056	0.148438	79	127
note	48.9518	0.351562	55	127
note	49.181	0.148438	77	127
note	49.3073	0.351562	58	127
note	48.5951	1.41016	52	127
note	49.6641	0.351562	61	127
note	50.3763	0.351562	53	127
note	50.7331	0.351562	52	127
note	50.0208	1.41016	48	127
note	51.0885	0.351562	55	127
note	49.3073	2.48958	79	127
note	51.8021	0.351562	72	127
note	52.1576	0.351562	77	127
note	51.4453	1.41016	53	127
note	52.5143	0.351562	80	127
note	52.8698	0.351562	74	127
note	53.2266	0.351562	77	127
note	53.2266	0.351562	53	127
note	51.4453	2.47396	56	127
note	53.5833	0.351562	51	127
note	53.5833	0.455729	71	127
note	54.0469	0.203125	72	127
note	53.9388	0.351562	50	127
note	54.2956	0.470052	72	127
note	54.7708	0.148438	71	127
note	54.651	0.351562	59	127
note	54.8893	0.148438	72	127
note	55.0078	0.351562	62	127
note	55.0078	0.533854	71	127
note	54.2956	1.41016	55	127
note	55.5417	0.173177	72	127
note	55.7201	0.173177	74	127
note	55.3646	0.704427	67	127
note	55.8984	0.173177	72	127
note	56.0768	0.173177	74	127
note	56.2552	0.173177	72	127
note	56.0768	0.351562	67	127
note	56.4323	0.173177	74	127
note	56.6107	0.173177	72	127
note	56.4323	0.351562	65	127
note	56.7891	0.173177	71	127
note	55.7201	1.41016	56	127
note	56.9674	0.173177	72	127
note	56.7891	0.351562	68	127
note	57.5013	0.351562	79	127
note	57.8581	0.351562	77	127
note	57.1458	1.41016	74	127
note	57.8581	0.708333	62	127
note	58.2135	0.704427	80	127
note	58.9271	0.351562	80	127
note	57.1458	2.13281	59	127
note	59.2826	0.351562	79	127
note	58.5703	1.41016	71	127
note	58.5703	1.41016	67	127
note	59.6393	0.351562	77	127
note	59.2826	0.708333	55	127
note	59.9948	0.704427	75	127
note	60.3516	0.704427	84	127
note	60.7083	0.704427	77	127
note	61.0638	0.351562	83	127
note	60.7083	0.708333	56	127
note	61.776	0.351562	79	127
note	61.4206	0.708333	51	127
note	62.1328	0.351562	80	127
note	61.4206	1.41016	84	127
note	62.4896	0.351562	77	127
note	62.1328	0.708333	53	127
note	63.2018	0.351562	71	127
note	63.9141	0.351562	66	127
note	63.5573	1.03906	72	127
note	62.8451	1.78125	75	127
note	64.6263	0.351562	72	127
note	59.9948	5.0013	60	127
note	64.2708	1.06771	67	127
note	64.9831	0.704427	74	127
note	62.8451	2.84505	55	127
note	64.9831	0.708333	59	127
note	65.3385	0.704427	65	127
note	66.0521	0.351562	65	127
note	65.6953	0.708333	60	127
note	66.7643	0.351562	67	127
note	66.4076	1.03906	64	127
note	66.4076	1.07812	55	127
note	67.4922	0.351562	53	127
note	67.8542	0.351562	52	127
note	65.6953	2.72656	48	127
note	65.6953	2.84505	72	127
note	68.2161	0.351562	55	127
note	67.1198	1.46224	60	127
note	68.9427	0.351562	69	127
note	69.2995	0.351562	72	127
note	68.5872	1.41016	65	127
note	68.5872	1.41016	45	127
note	69.6562	0.704427	75	127
note	69.2995	1.41016	53	127
note	70.3685	0.351562	78	127
note	70.724	0.351562	72	127
note	70.0117	1.41016	69	127
note	70.0117	1.41016	41	127
note	71.0807	0.351562	75	127
note	70.724	0.708333	53	127
note	71.793	0.351562	49	127
note	72.1497	0.351562	53	127
note	71.4375	1.41016	46	127
note	72.1497	0.708333	70	127
note	72.5052	0.704427	58	127
note	73.2188	0.351562	58	127
note	71.4375	2.13281	73	127
note	73.5742	0.351562	56	127
note	72.862	1.41016	64	127
note	72.862	1.41016	48	127
note	73.931	0.351562	60	127
note	73.5742	1.06771	72	127
note	74.2865	0.704427	65	127
note	74.6432	0.351562	70	127
note	74.2865	0.708333	50	127
note	74.2865	0.708333	53	127
note	75	0.351562	67	127
note	75.3555	0.351562	64	127
note	75	0.708333	52	127
note	75	0.708333	55	127
note	75.7122	0.704427	60	127
note	76.0677	0.351562	64	127
note	76.7812	0.351562	71	127
note	75.7122	1.42057	53	127
note	75.7122	1.42057	56	127
note	76.4245	1.03906	65	127
note	77.4935	0.351562	65	127
note	77.1367	1.41016	72	127
note	78.2057	0.351562	67	127
note	78.5625	0.351562	70	127
note	77.849	1.41016	64	127
note	78.918	0.351562	73	127
note	79.2747	0.351562	72	127
note	77.1367	2.48958	48	127
note	79.6302	0.351562	70	127
note	79.6302	0.351562	49	127
note	77.1367	2.84505	55	127
note	79.987	0.351562	69	127
note	80.3438	0.351562	65	127
note	79.987	0.708333	53	127
note	79.987	0.708333	51	127
note	80.6992	0.704427	69	127
note	81.056	0.351562	72	127
note	80.6992	0.708333	63	127
note	81.7682	0.351562	70	127
note	81.4115	0.708333	61	127
note	81.4115	1.06771	77	127
note	82.125	0.704427	69	127
note	82.4805	0.351562	75	127
note	82.125	0.708333	60	127
note	83.1927	0.351562	68	127
note	83.1927	0.351562	53	127
note	83.5495	0.351562	67	127
note	83.5495	0.351562	49	127
note	82.8372	1.41016	58	127
note	83.9062	0.351562	70	127
note	83.9062	0.704427	46	127
note	82.8372	1.78125	73	127
note	84.2617	0.704427	64	127
note	84.6185	0.351562	48	127
note	84.6185	0.704427	72	127
note	84.974	0.351562	49	127
note	84.2617	1.41016	55	127
note	84.974	0.704427	65	127
note	85.3307	0.351562	46	127
note	85.3307	0.704427	70	127
note	86.0534	0.351562	73	127
note	86.0534	0.351562	55	127
note	85.6979	1.0612	64	127
note	86.4102	0.351562	56	127
note	86.4102	0.704427	72	127
note	86.7656	0.351562	59	127
note	86.7656	0.704427	65	127
note	87.4792	0.351562	65	127
note	85.6979	2.13281	48	127
note	87.1224	1.06771	68	127
note	87.8346	0.704427	64	127
note	88.1914	0.364583	67	127
note	87.8346	0.74349	48	127
note	88.9453	0.351562	68	127
note	89.3021	0.351562	72	127
note	87.1224	2.84505	60	127
note	88.5885	1.41016	65	127
note	89.6576	0.704427	77	127
note	90.3698	0.351562	77	127
note	90.7266	0.351562	76	127
note	90.0143	1.41016	67	127
note	88.5885	2.84505	49	127
note	90.0143	1.42057	58	127
note	91.0833	0.704427	79	127
note	91.7956	0.351562	72	127
note	92.151	0.351562	77	127
note	91.4388	1.41016	68	127
note	92.5078	0.351562	76	127
note	91.4388	1.42057	60	127
note	93.2201	0.351562	72	127
note	93.5768	0.351562	70	127
note	92.8646	1.41016	77	127
note	91.4388	2.84505	48	127
note	92.8646	1.42057	56	127
note	93.9323	0.704427	68	127
note	94.6458	0.351562	68	127
note	95.0013	0.351562	67	127
note	94.2891	1.42057	58	127
note	95.3581	0.704427	70	127
note	94.2891	1.78125	73	127
note	96.0703	0.351562	73	127
note	96.4271	0.351562	72	127
note	95.7135	1.41016	64	127
note	96.7826	0.351562	70	127
note	95.7135	1.42057	55	127
note	94.2891	2.84505	48	127
note	97.1393	0.351562	65	127
note	97.4948	0.351562	63	127
note	97.8516	0.351562	62	127
note	98.2083	0.351562	65	127
note	97.1393	1.42057	56	127
note	97.1393	1.78125	68	127
note	98.9206	0.351562	68	127
note	99.276	0.351562	67	127
note	98.5638	1.41016	59	127
note	99.6328	0.351562	65	127
note	98.5638	1.42057	53	127
note	97.1393	2.84505	48	127
note	100.345	0.351562	60	127
note	100.702	0.351562	58	127
note	101.057	0.351562	61	127
note	99.9896	1.42057	55	127
note	101.771	0.351562	61	127
note	102.126	0.351562	60	127
note	101.414	1.41016	55	127
note	102.483	0.351562	58	127
note	101.414	1.42057	52	127
note	99.9896	2.84505	64	127
note	99.9896	2.84505	48	127
note	103.216	0.351562	72	127
note	103.573	0.351562	70	127
note	102.839	1.42057	56	127
note	102.839	1.42057	53	127
note	103.928	0.704427	73	127
note	104.641	0.351562	73	127
note	104.997	0.351562	72	127
note	104.285	1.33594	64	127
note	102.839	2.84505	48	127
note	105.354	0.351562	70	127
note	104.285	1.42057	58	127
note	104.285	1.42057	55	127
note	106.066	0.351562	79	127
note	106.422	0.351562	77	127
note	105.71	1.41016	68	127
note	105.71	1.42057	60	127
note	105.71	1.42057	56	127
note	106.779	0.704427	80	127
note	107.491	0.351562	80	127
note	107.848	0.351562	79	127
note	107.135	1.41016	71	127
note	108.203	0.351562	77	127
note	105.71	2.84505	48	127
note	107.135	1.42057	56	127
note	107.135	1.42057	53	127
note	108.938	0.351562	77	127
note	108.56	1.03906	76	127
note	109.293	0.351562	79	127
note	108.56	1.42057	58	127
note	108.56	1.42057	55	127
note	109.65	0.704427	76	127
note	110.005	0.704427	82	127
note	110.362	0.351562	73	127
note	110.719	0.351562	72	127
note	108.56	2.84505	48	127
note	111.074	0.351562	70	127
note	110.005	1.42057	52	127
note	110.005	1.42057	55	127
note	111.807	0.351562	70	127
note	111.431	1.03906	68	127
note	111.431	1.42057	60	127
note	111.431	1.42057	53	127
note	112.164	0.704427	72	127
note	112.521	0.704427	65	127
note	113.233	0.351562	68	127
note	112.876	1.03906	74	127
note	113.589	0.351562	67	127
note	113.945	0.351562	65	127
note	112.876	1.42057	59	127
note	114.302	0.71875	55	127
note	114.707	0.359375	60	127
note	114.302	1.4388	64	127
note	115.07	0.71875	55	127
note	115.434	0.359375	58	127
note	111.431	4.70443	48	127
note	116.173	0.367188	53	127
note	116.544	0.371094	47	127
note	115.798	1.51562	56	127
note	116.918	0.39974	50	127
note	117.31	0.778646	55	127
note	117.704	0.389323	62	127
note	118.098	0.389323	59	127
note	115.798	3.0612	65	127
note	118.098	0.778646	53	127
note	118.491	0.808594	60	127
note	117.31	3.40495	48	127
note	119.754	0.966146	60	127
note	117.31	3.41146	36	127
note	119.307	1.41536	58	127
note	120.202	0.523438	64	127
note	118.884	1.85156	55	127
note	120.729	5.72917	41	127
note	120.729	5.72917	48	127
note	120.729	5.72917	57	127
note	120.729	5.72917	60	127
note	120.729	5.72917	53	127
note	120.729	5.72917	65	127
note	127.577	0.856771	60	127
note	128.438	0.856771	61	127
note	129.298	0.856771	60	127
note	130.159	0.856771	59	127
note	131.021	0.856771	64	127
note	131.882	0.856771	65	127
note	132.742	0.856771	58	127
note	133.603	0.856771	57	127
note	134.464	0.856771	56	127
note	135.326	1.74479	55	127
note	137.072	0.467448	53	127
note	137.549	0.222656	53	127
note	137.792	0.222656	55	127
note	138.033	0.467448	56	127
note	138.512	0.222656	56	127
note	138.753	0.222656	58	127
note	138.033	0.953125	65	127
note	138.99	0.222656	60	127
note	139.23	0.222656	47	127
note	139.473	0.222656	48	127
note	139.714	0.222656	50	127
note	138.99	0.957031	68	127
note	139.951	0.953125	67	127
note	139.951	1.07161	51	127
note	141.15	0.222656	48	127
note	141.391	0.222656	50	127
note	141.632	0.222656	51	127
note	140.909	0.957031	66	127
note	141.87	0.953125	71	127
note	141.87	1.07161	53	127
note	143.068	0.222656	51	127
note	143.31	0.222656	53	127
note	143.551	0.222656	55	127
note	142.827	0.957031	72	127
note	143.788	0.953125	65	127
note	143.788	1.07161	56	127
note	144.987	0.222656	55	127
note	145.228	0.222656	57	127
note	145.469	0.222656	59	127
note	144.746	0.957031	64	127
note	145.707	0.923177	63	127
note	145.707	1.43229	60	127
note	147.143	0.222656	59	127
note	147.384	0.222656	57	127
note	147.625	0.154948	60	127
note	147.785	0.154948	59	127
note	147.944	0.154948	60	127
note	148.104	0.154948	59	127
note	148.263	0.154948	57	127
note	148.423	0.154948	59	127
note	146.664	1.91797	62	127
note	148.586	0.467448	60	127
note	149.065	0.222656	60	127
note	149.306	0.222656	62	127
note	149.065	0.470052	55	127
note	149.547	0.467448	60	127
note	149.547	0.467448	64	127
note	150.026	0.222656	62	127
note	150.267	0.222656	64	127
note	150.026	0.470052	58	127
note	149.547	0.953125	48	127
note	150.746	0.222656	52	127
note	150.505	0.470052	56	127
note	150.505	0.470052	65	127
note	150.987	0.222656	53	127
note	151.229	0.222656	55	127
note	150.505	0.957031	49	127
note	150.987	0.945312	65	127
note	151.466	0.945312	56	127
note	151.945	0.467448	63	127
note	151.466	0.949219	48	127
note	152.661	0.222656	53	127
note	152.419	0.470052	62	127
note	152.902	0.222656	55	127
note	152.902	0.222656	64	127
note	153.143	0.222656	56	127
note	153.143	0.222656	65	127
note	152.419	0.957031	47	127
note	153.382	0.222656	67	127
note	153.622	0.222656	65	127
note	153.863	0.222656	64	127
note	153.382	0.852865	58	127
note	154.104	0.222656	62	127
note	153.382	0.957031	52	127
note	154.583	0.222656	56	127
note	154.824	0.222656	58	127
note	154.342	0.716146	60	127
note	155.062	0.222656	60	127
note	154.342	0.953125	53	127
note	155.54	0.222656	58	127
note	155.781	0.222656	56	127
note	156.023	0.222656	55	127
note	155.299	0.957031	46	127
note	155.299	1.10156	61	127
note	156.501	0.222656	60	127
note	156.743	0.222656	62	127
note	156.984	0.222656	64	127
note	156.26	0.957031	45	127
note	156.26	1.19401	53	127
note	157.46	0.222656	53	127
note	157.701	0.222656	55	127
note	157.941	0.222656	56	127
note	157.221	0.953125	44	127
note	157.221	1.43229	65	127
note	158.658	0.222656	64	127
note	158.898	0.222656	62	127
note	158.18	1.4349	58	127
note	159.618	0.222656	56	127
note	159.861	0.222656	55	127
note	159.141	0.953125	64	127
note	158.18	1.91406	43	127
note	160.098	0.467448	65	127
note	160.577	0.222656	65	127
note	160.818	0.222656	67	127
note	161.059	0.467448	68	127
note	160.098	1.43229	41	127
note	160.098	1.4349	56	127
note	161.538	0.222656	53	127
note	161.538	0.222656	68	127
note	161.779	0.222656	55	127
note	161.779	0.222656	70	127
note	162.02	0.467448	56	127
note	162.499	0.222656	56	127
note	162.499	0.222656	60	127
note	162.74	0.222656	58	127
note	162.74	0.222656	61	127
note	162.02	1.19401	72	127
note	163.219	0.222656	70	127
note	162.98	0.467448	60	127
note	163.46	0.222656	68	127
note	163.701	0.222656	67	127
note	163.46	0.470052	48	127
note	162.98	1.4349	63	127
note	164.421	0.222656	61	127
note	164.663	0.222656	63	127
note	163.943	0.949219	65	127
note	163.943	1.29818	49	127
note	164.904	0.467448	65	127
note	165.382	0.222656	49	127
note	165.382	0.222656	65	127
note	165.624	0.222656	51	127
note	165.624	0.222656	67	127
note	165.865	0.467448	53	127
note	166.344	0.222656	53	127
note	166.344	0.222656	56	127
note	166.585	0.222656	55	127
note	166.585	0.222656	58	127
note	165.865	1.20182	68	127
note	167.066	0.222656	66	127
note	166.826	0.470052	56	127
note	167.309	0.222656	65	127
note	167.549	0.222656	63	127
note	167.309	0.470052	44	127
note	166.826	1.4388	60	127
note	168.27	0.222656	58	127
note	168.51	0.222656	60	127
note	167.79	0.949219	61	127
note	167.79	1.32422	46	127
note	168.751	0.467448	61	127
note	169.23	0.222656	46	127
note	169.23	0.222656	61	127
note	169.471	0.222656	48	127
note	169.471	0.222656	63	127
note	169.712	0.467448	49	127
note	170.191	0.222656	49	127
note	170.191	0.222656	53	127
note	170.432	0.222656	51	127
note	170.432	0.222656	55	127
note	170.674	0.467448	53	127
note	170.674	0.467448	56	127
note	171.152	0.222656	56	127
note	171.393	0.222656	58	127
note	171.152	0.470052	41	127
note	171.635	0.467448	48	127
note	171.635	0.467448	60	127
note	169.712	2.39323	65	127
note	172.109	0.222656	48	127
note	172.109	0.222656	64	127
note	172.352	0.222656	50	127
note	172.352	0.222656	65	127
note	172.109	0.470052	55	127
note	172.592	0.481771	52	127
note	172.592	0.481771	60	127
note	173.086	0.229167	50	127
note	173.335	0.229167	52	127
note	173.086	0.485677	58	127
note	172.592	0.983073	72	127
note	173.579	0.229167	53	127
note	173.579	0.244792	56	127
note	173.828	0.229167	40	127
note	172.592	1.47656	67	127
note	174.073	0.229167	41	127
note	174.322	0.229167	43	127
note	173.579	0.983073	73	127
note	174.815	0.229167	48	127
note	174.073	0.983073	65	127
note	175.06	0.229167	50	127
note	175.309	0.229167	51	127
note	175.06	0.485677	63	127
note	174.566	0.983073	72	127
note	174.566	1.07943	44	127
note	175.802	0.229167	41	127
note	175.553	0.485677	62	127
note	176.051	0.229167	43	127
note	176.051	0.229167	64	127
note	176.299	0.229167	44	127
note	176.299	0.229167	65	127
note	175.553	0.986979	71	127
note	175.553	1.08333	53	127
note	176.544	0.229167	67	127
note	176.793	0.229167	65	127
note	177.042	0.229167	64	127
note	177.29	0.229167	62	127
note	176.544	0.976562	46	127
note	177.042	0.485677	55	127
note	176.544	0.986979	76	127
note	177.535	0.234375	60	127
note	177.784	0.229167	44	127
note	178.033	0.229167	46	127
note	178.281	0.229167	48	127
note	177.535	0.986979	77	127
note	177.535	1.08333	56	127
note	178.775	0.229167	58	127
note	179.023	0.229167	56	127
note	179.272	0.229167	55	127
note	179.023	0.485677	58	127
note	178.526	0.986979	70	127
note	178.526	1.08333	49	127
note	179.766	0.229167	48	127
note	180.014	0.229167	50	127
note	180.263	0.229167	52	127
note	179.517	0.983073	53	127
note	179.517	0.986979	69	127
note	180.508	0.229167	53	127
note	179.517	1.48047	60	127
note	181.001	0.229167	55	127
note	181.25	0.229167	56	127
note	181.001	0.485677	60	127
note	180.508	0.983073	68	127
note	181.495	0.481771	61	127
note	180.757	1.23177	53	127
note	181.495	0.71875	58	127
note	181.988	0.229167	52	127
note	181.988	0.229167	60	127
note	182.237	0.229167	50	127
note	182.237	0.722656	58	127
note	182.983	0.229167	56	127
note	183.232	0.229167	55	127
note	182.486	0.986979	52	127
note	181.495	2.32292	67	127
note	183.974	0.229167	65	127
note	184.223	0.229167	67	127
note	182.486	1.98047	60	127
note	183.477	1.48438	53	127
note	183.477	1.48698	56	127
note	184.969	0.229167	53	127
note	185.217	0.229167	51	127
note	185.466	0.481771	50	127
note	185.96	0.229167	50	127
note	185.96	0.229167	65	127
note	186.208	0.229167	48	127
note	186.208	0.229167	63	127
note	186.457	0.481771	46	127
note	186.457	0.481771	62	127
note	186.951	0.229167	48	127
note	186.951	0.229167	62	127
note	187.199	0.229167	50	127
note	187.199	0.229167	60	127
note	187.448	0.481771	58	127
note	184.471	3.46224	68	127
note	187.938	0.229167	58	127
note	187.938	0.229167	67	127
note	188.186	0.229167	56	127
note	188.186	0.229167	68	127
note	188.435	0.481771	55	127
note	187.448	1.47266	51	127
note	188.924	0.229167	55	127
note	189.173	0.229167	53	127
note	189.422	0.481771	52	127
note	189.915	0.229167	52	127
note	189.915	0.229167	67	127
note	190.164	0.229167	50	127
note	190.164	0.229167	65	127
note	190.413	0.481771	48	127
note	190.413	0.481771	64	127
note	190.906	0.229167	50	127
note	190.906	0.229167	64	127
note	191.155	0.229167	52	127
note	191.155	0.229167	62	127
note	188.435	3.20964	70	127
note	191.648	0.229167	67	127
note	191.404	0.481771	60	127
note	191.897	0.229167	60	127
note	191.897	0.229167	68	127
note	192.146	0.229167	58	127
note	192.146	0.229167	72	127
note	191.404	1.48047	53	127
note	192.888	0.229167	50	127
note	193.137	0.229167	48	127
note	192.395	1.08333	56	127
note	193.385	0.481771	47	127
note	193.879	0.229167	47	127
note	193.879	0.229167	74	127
note	194.128	0.229167	45	127
note	194.128	0.229167	72	127
note	194.375	0.481771	43	127
note	194.375	0.481771	71	127
note	194.87	0.229167	45	127
note	194.87	0.229167	71	127
note	195.117	0.229167	47	127
note	195.117	0.229167	69	127
note	195.366	0.481771	67	127
note	192.395	3.45833	77	127
note	195.857	0.229167	67	127
note	196.105	0.229167	69	127
note	195.366	0.97526	48	127
note	195.857	0.485677	75	127
note	196.354	0.481771	71	127
note	196.354	0.481771	74	127
note	196.848	0.229167	69	127
note	197.096	0.229167	71	127
note	196.354	0.983073	55	127
note	196.848	0.734375	79	127
note	197.586	0.229167	71	127
note	197.341	0.481771	72	127
note	198.083	0.229167	74	127
note	197.341	0.983073	56	127
note	197.835	0.97526	72	127
note	198.822	0.481771	70	127
note	198.328	0.979167	55	127
note	198.328	1.22396	75	127
note	199.556	0.229167	72	127
note	199.311	0.481771	69	127
note	199.805	0.229167	71	127
note	199.805	0.229167	74	127
note	200.053	0.229167	72	127
note	200.053	0.229167	75	127
note	199.311	0.983073	54	127
note	200.298	0.229167	74	127
note	200.547	0.229167	72	127
note	200.796	0.229167	71	127
note	201.044	0.229167	69	127
note	200.298	0.986979	59	127
note	200.298	1.08333	77	127
note	201.538	0.229167	75	127
note	201.786	0.229167	77	127
note	202.035	0.229167	79	127
note	201.289	0.986979	60	127
note	201.289	1.08333	67	127
note	202.529	0.229167	65	127
note	202.777	0.229167	63	127
note	203.026	0.229167	62	127
note	202.28	0.986979	53	127
note	202.28	1.08333	80	127
note	203.52	0.229167	79	127
note	203.768	0.229167	81	127
note	204.017	0.229167	83	127
note	203.271	0.986979	52	127
note	203.271	1.08333	60	127
note	204.51	0.229167	72	127
note	204.759	0.229167	74	127
note	205.008	0.229167	75	127
note	204.262	0.986979	51	127
note	204.262	1.48047	84	127
note	205.746	0.229167	83	127
note	205.995	0.229167	81	127
note	205.253	1.48047	77	127
note	206.737	0.229167	75	127
note	206.986	0.229167	74	127
note	206.243	0.983073	83	127
note	205.253	1.97396	50	127
note	207.23	0.481771	75	127
note	207.23	0.481771	84	127
note	207.724	0.229167	72	127
note	207.973	0.229167	74	127
note	207.724	0.485677	79	127
note	207.23	1.48047	48	127
note	208.715	0.229167	72	127
note	208.964	0.229167	70	127
note	209.212	0.481771	69	127
note	208.221	1.47656	84	127
note	209.702	0.229167	69	127
note	209.702	0.229167	84	127
note	209.951	0.229167	67	127
note	209.951	0.229167	82	127
note	210.199	0.481771	65	127
note	210.199	0.481771	81	127
note	210.693	0.229167	67	127
note	210.693	0.229167	81	127
note	210.941	0.229167	69	127
note	210.941	0.229167	79	127
note	211.19	0.481771	70	127
note	211.19	0.481771	77	127
note	208.221	3.45443	75	127
note	211.68	0.229167	70	127
note	211.68	0.229167	79	127
note	211.928	0.229167	72	127
note	211.928	0.229167	81	127
note	211.68	0.986979	58	127
note	212.671	0.229167	70	127
note	212.919	0.229167	68	127
note	213.168	0.481771	67	127
note	212.177	1.47656	82	127
note	213.658	0.229167	67	127
note	213.658	0.229167	82	127
note	213.906	0.229167	65	127
note	213.906	0.229167	80	127
note	214.155	0.481771	63	127
note	214.155	0.481771	79	127
note	214.648	0.229167	65	127
note	214.648	0.229167	79	127
note	214.897	0.229167	67	127
note	214.897	0.229167	77	127
note	215.146	0.481771	68	127
note	215.146	0.481771	75	127
note	212.177	3.45443	73	127
note	215.635	0.229167	68	127
note	215.635	0.229167	77	127
note	215.884	0.229167	70	127
note	215.884	0.229167	79	127
note	215.635	0.986979	56	127
note	216.626	0.229167	68	127
note	216.875	0.229167	67	127
note	217.124	0.481771	65	127
note	216.133	1.47656	80	127
note	217.613	0.229167	65	127
note	217.613	0.229167	80	127
note	217.862	0.229167	63	127
note	217.862	0.229167	79	127
note	218.111	0.481771	61	127
note	218.111	0.481771	77	127
note	218.604	0.229167	61	127
note	218.604	0.229167	77	127
note	218.853	0.229167	60	127
note	218.853	0.229167	75	127
note	219.102	0.481771	58	127
note	216.133	3.45443	72	127
note	219.591	0.229167	60	127
note	219.591	0.229167	70	127
note	219.84	0.229167	61	127
note	219.84	0.229167	68	127
note	220.089	0.481771	63	127
note	219.102	1.47266	73	127
note	220.578	0.229167	75	127
note	220.827	0.229167	73	127
note	220.578	0.485677	51	127
note	221.076	0.481771	56	127
note	221.076	0.481771	72	127
note	221.569	0.229167	58	127
note	221.569	0.229167	72	127
note	221.818	0.229167	60	127
note	221.818	0.229167	70	127
note	220.089	2.46745	67	127
note	222.56	0.229167	65	127
note	222.809	0.229167	64	127
note	222.066	1.48047	61	127
note	222.066	1.48047	68	127
note	223.551	0.229167	61	127
note	223.551	0.229167	70	127
note	223.799	0.229167	60	127
note	223.799	0.229167	72	127
note	224.048	0.481771	58	127
note	223.057	1.47656	65	127
note	224.538	0.229167	58	127
note	224.538	0.229167	67	127
note	224.786	0.229167	56	127
note	224.786	0.229167	68	127
note	224.048	1.22786	73	127
note	225.28	0.229167	72	127
note	225.035	0.481771	55	127
note	225.529	0.229167	55	127
note	225.529	0.229167	73	127
note	225.035	0.734375	70	127
note	225.773	0.229167	53	127
note	225.773	0.485677	70	127
note	226.271	0.229167	68	127
note	226.022	0.485677	52	127
note	226.52	0.229167	70	127
note	226.768	0.229167	67	127
note	226.52	0.485677	48	127
note	226.022	1.23568	79	127
note	227.262	0.229167	72	127
note	227.017	0.481771	53	127
note	227.51	0.229167	65	127
note	227.51	0.229167	73	127
note	227.759	0.229167	63	127
note	227.759	0.229167	72	127
note	228.008	0.158854	63	127
note	227.017	1.23177	68	127
note	228.171	0.158854	61	127
note	228.253	0.229167	67	127
note	228.335	0.158854	63	127
note	228.497	0.158854	61	127
note	228.497	0.22526	68	127
note	228.661	0.158854	63	127
note	228.742	0.229167	65	127
note	228.824	0.158854	61	127
note	228.987	0.481771	60	127
note	228.987	0.481771	72	127
note	228.008	1.46484	77	127
note	229.478	0.229167	48	127
note	229.478	0.229167	76	127
note	229.727	0.229167	50	127
note	229.727	0.229167	77	127
note	229.478	0.485677	67	127
note	229.975	0.481771	52	127
note	229.975	0.481771	72	127
note	230.469	0.229167	50	127
note	230.717	0.229167	52	127
note	230.469	0.485677	70	127
note	229.975	0.983073	48	127
note	230.962	0.229167	53	127
note	231.211	0.229167	52	127
note	230.962	0.485677	68	127
note	229.975	1.47656	79	127
note	231.456	0.229167	53	127
note	231.704	0.229167	55	127
note	231.456	0.485677	70	127
note	230.962	0.983073	49	127
note	231.949	0.229167	72	127
note	232.198	0.229167	60	127
note	231.456	0.983073	77	127
note	232.443	0.229167	62	127
note	232.691	0.229167	63	127
note	232.443	0.485677	75	127
note	231.949	0.983073	48	127
note	231.949	1.07943	56	127
note	233.185	0.229167	53	127
note	232.936	0.485677	74	127
note	233.434	0.229167	55	127
note	233.434	0.229167	75	127
note	233.682	0.229167	56	127
note	233.682	0.229167	77	127
note	232.936	0.986979	47	127
note	233.927	0.229167	79	127
note	234.176	0.229167	77	127
note	232.936	1.48047	65	127
note	234.421	0.229167	76	127
note	234.669	0.229167	74	127
note	234.421	0.485677	67	127
note	233.927	0.983073	52	127
note	233.927	1.07943	58	127
note	235.163	0.229167	56	127
note	235.411	0.229167	58	127
note	235.66	0.229167	60	127
note	234.914	0.986979	53	127
note	234.914	1.23177	68	127
note	236.15	0.229167	70	127
note	236.398	0.229167	68	127
note	236.647	0.229167	67	127
note	235.905	0.983073	46	127
note	234.914	1.97396	72	127
note	235.905	1.07943	61	127
note	237.141	0.229167	60	127
note	237.389	0.229167	62	127
note	237.638	0.229167	64	127
note	236.892	0.983073	65	127
note	236.892	0.986979	45	127
note	237.883	0.229167	65	127
note	236.892	1.48047	72	127
note	238.376	0.229167	67	127
note	238.625	0.229167	68	127
note	238.376	0.485677	72	127
note	237.883	0.983073	44	127
note	238.87	0.481771	73	127
note	238.132	1.23177	65	127
note	238.87	0.71875	70	127
note	239.363	0.229167	64	127
note	239.363	0.229167	72	127
note	239.612	0.229167	62	127
note	239.612	0.229167	70	127
note	240.354	0.229167	68	127
note	240.603	0.229167	67	127
note	239.861	0.983073	64	127
note	238.87	1.97396	43	127
note	240.848	0.49349	41	127
note	241.353	0.233073	53	127
note	241.604	0.233073	55	127
note	241.857	0.49349	56	127
note	240.848	1.50651	65	127
note	242.358	0.233073	56	127
note	242.358	0.233073	60	127
note	242.611	0.233073	58	127
note	242.611	0.233073	61	127
note	242.863	0.49349	63	127
note	240.848	2.51172	68	127
note	239.861	3.4987	72	127
note	243.363	0.233073	63	127
note	243.363	0.233073	78	127
note	243.616	0.233073	65	127
note	243.616	0.233073	77	127
note	243.868	0.233073	75	127
note	242.863	1.25391	60	127
note	244.121	0.233073	58	127
note	244.121	0.233073	73	127
note	244.374	0.233073	56	127
note	244.374	0.233073	72	127
note	244.625	0.233073	54	127
note	244.625	0.233073	70	127
note	244.878	0.49349	53	127
note	244.878	0.49349	68	127
note	243.868	1.50651	66	127
note	245.379	0.233073	49	127
note	245.379	0.233073	65	127
note	245.379	0.233073	70	127
note	245.632	0.233073	51	127
note	245.632	0.233073	63	127
note	245.632	0.233073	72	127
note	245.883	0.49349	53	127
note	245.883	0.49349	61	127
note	246.388	0.233073	53	127
note	246.388	0.233073	56	127
note	246.641	0.233073	55	127
note	246.641	0.233073	58	127
note	245.883	0.997396	73	127
note	246.893	0.49349	60	127
note	247.397	0.233073	60	127
note	247.397	0.233073	75	127
note	247.65	0.233073	61	127
note	247.65	0.233073	73	127
note	247.902	0.233073	72	127
note	246.893	1.25781	56	127
note	248.155	0.233073	54	127
note	248.155	0.233073	70	127
note	248.406	0.233073	53	127
note	248.406	0.233073	68	127
note	248.659	0.233073	51	127
note	248.659	0.233073	66	127
note	248.911	0.49349	49	127
note	248.911	0.49349	65	127
note	247.902	1.50651	63	127
note	249.413	0.233073	46	127
note	249.413	0.233073	61	127
note	249.413	0.233073	67	127
note	249.665	0.233073	48	127
note	249.665	0.233073	60	127
note	249.665	0.233073	69	127
note	249.917	0.49349	49	127
note	249.917	0.49349	58	127
note	250.422	0.233073	49	127
note	250.422	0.233073	53	127
note	250.674	0.233073	51	127
note	250.674	0.233073	55	127
note	249.917	0.997396	70	127
note	250.927	0.49349	56	127
note	251.431	0.233073	56	127
note	251.431	0.233073	72	127
note	251.684	0.233073	58	127
note	251.684	0.233073	70	127
note	251.936	0.233073	68	127
note	250.927	1.25781	53	127
note	252.189	0.233073	51	127
note	252.189	0.233073	67	127
note	252.44	0.233073	49	127
note	252.44	0.233073	65	127
note	252.693	0.233073	48	127
note	252.693	0.233073	63	127
note	252.945	0.233073	46	127
note	253.198	0.233073	48	127
note	251.936	1.50911	60	127
note	253.451	0.233073	49	127
note	253.451	0.233073	58	127
note	253.702	0.233073	48	127
note	253.702	0.233073	60	127
note	252.945	0.997396	61	127
note	253.954	0.233073	46	127
note	254.207	0.233073	44	127
note	254.207	0.233073	65	127
note	254.46	0.233073	43	127
note	254.46	0.233073	70	127
note	254.712	0.233073	41	127
note	254.712	0.233073	68	127
note	254.964	0.49349	39	127
note	253.954	1.50651	61	127
note	255.465	0.233073	63	127
note	255.717	0.233073	61	127
note	255.465	0.49349	46	127
note	254.964	0.997396	67	127
note	255.966	0.49349	48	127
note	255.966	0.49349	60	127
note	256.471	0.233073	61	127
note	256.723	0.233073	60	127
note	256.471	0.49349	44	127
note	255.966	1.0013	63	127
note	255.966	1.25	68	127
note	257.22	0.233073	67	127
note	256.971	0.489583	49	127
note	257.473	0.233073	68	127
note	257.725	0.233073	70	127
note	257.473	0.49349	46	127
note	256.971	0.997396	65	127
note	257.974	0.49349	51	127
note	256.971	1.4987	58	127
note	258.475	0.233073	56	127
note	258.727	0.233073	55	127
note	258.475	0.49349	48	127
note	257.974	0.997396	63	127
note	257.974	1.24609	72	127
note	259.224	0.233073	68	127
note	258.975	0.489583	53	127
note	258.975	0.489583	56	127
note	259.477	0.233073	55	127
note	259.477	0.233073	70	127
note	259.729	0.233073	56	127
note	259.729	0.233073	72	127
note	258.975	1.0013	62	127
note	259.982	0.233073	58	127
note	260.233	0.233073	56	127
note	259.477	1.00521	46	127
note	260.486	0.233073	51	127
note	260.486	0.233073	55	127
note	260.738	0.233073	49	127
note	260.738	0.233073	53	127
note	259.982	1.00521	67	127
note	259.982	1.25391	73	127
note	261.24	0.233073	72	127
note	260.991	0.489583	48	127
note	260.991	0.489583	51	127
note	261.492	0.233073	73	127
note	261.743	0.233073	75	127
note	260.991	1.0013	68	127
note	261.492	0.748698	53	127
note	261.492	0.748698	56	127
note	262.245	0.233073	51	127
note	262.245	0.233073	55	127
note	262.497	0.233073	53	127
note	262.497	0.233073	56	127
note	262.75	0.233073	55	127
note	262.75	0.233073	58	127
note	261.996	0.99349	61	127
note	263.003	0.233073	56	127
note	261.996	1.25391	77	127
note	263.254	0.233073	55	127
note	263.254	0.233073	75	127
note	263.507	0.233073	53	127
note	263.507	0.233073	77	127
note	263.759	0.233073	51	127
note	263.759	0.233073	79	127
note	263.003	0.997396	60	127
note	264.264	0.233073	53	127
note	264.516	0.233073	55	127
note	264.768	0.233073	56	127
note	264.012	1.00521	50	127
note	264.012	1.00521	59	127
note	265.021	0.49349	51	127
note	264.012	1.50651	80	127
note	265.522	0.233073	79	127
note	265.773	0.233073	77	127
note	265.522	0.49349	50	127
note	266.279	0.233073	55	127
note	266.026	0.49349	52	127
note	266.531	0.233073	53	127
note	266.784	0.233073	52	127
note	266.531	0.49349	48	127
note	265.021	2.00651	58	127
note	266.026	1.25	79	127
note	267.281	0.233073	72	127
note	267.033	0.489583	53	127
note	267.533	0.233073	53	127
note	267.533	0.233073	74	127
note	267.785	0.233073	51	127
note	267.785	0.233073	75	127
note	267.033	1.25	56	127
note	268.286	0.233073	71	127
note	268.038	0.489583	50	127
note	268.539	0.233073	50	127
note	268.539	0.233073	72	127
note	268.792	0.233073	48	127
note	268.792	0.233073	74	127
note	269.043	0.233073	47	127
note	269.296	0.233073	43	127
note	268.038	1.50651	77	127
note	269.548	0.233073	45	127
note	269.548	0.233073	75	127
note	269.801	0.233073	47	127
note	269.801	0.233073	74	127
note	270.053	0.233073	48	127
note	270.305	0.233073	44	127
note	269.043	1.50911	67	127
note	270.557	0.233073	46	127
note	270.81	0.233073	48	127
note	270.557	0.49349	66	127
note	270.053	1.25391	75	127
note	271.311	0.233073	68	127
note	271.062	0.489583	49	127
note	271.562	0.233073	49	127
note	271.562	0.233073	70	127
note	271.815	0.233073	48	127
note	271.815	0.233073	72	127
note	271.062	1.25	65	127
note	272.316	0.233073	67	127
note	272.068	0.489583	46	127
note	272.569	0.233073	46	127
note	272.569	0.233073	68	127
note	272.822	0.233073	44	127
note	272.822	0.233073	70	127
note	273.073	0.233073	43	127
note	273.326	0.233073	39	127
note	272.068	1.50651	73	127
note	273.578	0.233073	41	127
note	273.578	0.233073	72	127
note	273.831	0.233073	43	127
note	273.831	0.233073	70	127
note	274.083	0.233073	44	127
note	273.073	1.25781	63	127
note	274.335	0.233073	41	127
note	274.335	0.233073	66	127
note	274.587	0.233073	43	127
note	274.587	0.233073	65	127
note	274.84	0.233073	45	127
note	274.84	0.233073	63	127
note	275.092	0.233073	46	127
note	275.345	0.233073	45	127
note	274.083	1.50911	72	127
note	275.596	0.233073	46	127
note	275.849	0.233073	48	127
note	275.596	0.49349	65	127
note	276.102	0.233073	49	127
note	276.354	0.233073	46	127
note	276.102	0.49349	70	127
note	276.607	0.233073	48	127
note	276.858	0.233073	49	127
note	276.607	0.49349	68	127
note	275.092	2.26302	61	127
note	277.359	0.233073	58	127
note	277.111	0.489583	51	127
note	277.612	0.233073	51	127
note	277.612	0.233073	60	127
note	277.865	0.233073	49	127
note	277.865	0.233073	61	127
note	277.111	1.25	67	127
note	278.366	0.233073	67	127
note	278.117	0.489583	48	127
note	278.617	0.233073	48	127
note	278.617	0.233073	68	127
note	278.87	0.233073	46	127
note	278.87	0.233073	70	127
note	278.117	1.25	63	127
note	279.371	0.233073	63	127
note	279.122	0.489583	44	127
note	279.624	0.233073	56	127
note	279.624	0.233073	65	127
note	279.875	0.233073	55	127
note	279.875	0.233073	67	127
note	279.122	1.25	72	127
note	280.376	0.233073	72	127
note	280.128	0.489583	53	127
note	280.629	0.233073	53	127
note	280.629	0.233073	74	127
note	280.882	0.233073	51	127
note	280.882	0.233073	75	127
note	280.128	1.25	68	127
note	281.383	0.233073	72	127
note	281.634	0.233073	70	127
note	281.887	0.233073	68	127
note	281.134	1.0013	50	127
note	281.134	1.25	77	127
note	282.388	0.233073	70	127
note	282.139	0.489583	51	127
note	282.139	0.744792	67	127
note	282.889	0.233073	67	127
note	282.641	0.489583	55	127
note	282.139	0.99349	58	127
note	282.641	0.742188	75	127
note	283.387	0.233073	75	127
note	283.138	0.489583	56	127
note	283.638	0.233073	74	127
note	283.891	0.233073	72	127
note	283.638	0.49349	53	127
note	283.138	0.99349	60	127
note	284.143	0.233073	74	127
note	284.396	0.233073	75	127
note	284.648	0.233073	72	127
note	284.9	0.233073	74	127
note	284.143	0.997396	58	127
note	284.648	0.49349	46	127
note	283.138	2.00651	65	127
note	285.148	0.233073	75	127
note	285.401	0.233073	72	127
note	285.148	0.49349	60	127
note	285.654	0.233073	60	127
note	285.654	0.233073	74	127
note	285.906	0.233073	58	127
note	285.906	0.233073	75	127
note	285.148	1.00521	48	127
note	285.148	1.00521	57	127
note	286.159	0.233073	77	127
note	286.41	0.233073	75	127
note	286.159	0.49349	56	127
note	286.663	0.233073	58	127
note	286.663	0.233073	74	127
note	286.915	0.233073	56	127
note	286.915	0.233073	72	127
note	286.159	1.00521	62	127
note	287.421	0.233073	60	127
note	287.168	0.49349	55	127
note	287.168	0.49349	63	127
note	287.672	0.233073	46	127
note	287.672	0.233073	62	127
note	287.924	0.233073	48	127
note	287.924	0.233073	63	127
note	288.177	0.233073	65	127
note	288.43	0.233073	63	127
note	288.177	0.49349	50	127
note	288.682	0.233073	48	127
note	288.682	0.233073	62	127
note	288.934	0.233073	50	127
note	288.934	0.233073	60	127
note	288.177	1.00521	56	127
note	287.168	2.26302	70	127
note	289.435	0.233073	68	127
note	289.186	0.489583	51	127
note	289.688	0.233073	51	127
note	289.688	0.233073	67	127
note	289.94	0.233073	50	127
note	289.94	0.233073	65	127
note	289.186	1.0013	55	127
note	290.191	0.49349	48	127
note	289.186	1.5026	58	127
note	290.693	0.233073	48	127
note	290.693	0.233073	57	127
note	290.945	0.233073	46	127
note	290.945	0.233073	58	127
note	290.191	1.0013	54	127
note	290.191	1.25	63	127
note	291.447	0.233073	63	127
note	291.699	0.233073	65	127
note	291.951	0.233073	63	127
note	291.198	1.0013	45	127
note	291.198	1.0013	60	127
note	292.203	0.233073	62	127
note	292.456	0.233073	72	127
note	292.708	0.233073	70	127
note	291.198	1.98438	53	127
note	292.203	0.986979	46	127
note	292.961	0.233073	68	127
note	293.212	0.49349	67	127
note	292.203	1.50651	58	127
note	293.714	0.233073	63	127
note	293.966	0.233073	65	127
note	293.714	0.49349	70	127
note	294.219	0.49349	67	127
note	293.212	1.5026	51	127
note	294.719	0.233073	51	127
note	294.719	0.233073	67	127
note	294.971	0.233073	53	127
note	294.971	0.233073	68	127
note	294.219	1.25	75	127
note	295.473	0.233073	79	127
note	295.224	0.489583	55	127
note	295.725	0.233073	55	127
note	295.725	0.233073	58	127
note	295.725	0.233073	77	127
note	295.978	0.233073	56	127
note	295.978	0.233073	60	127
note	295.978	0.233073	75	127
note	296.229	0.233073	62	127
note	295.224	1.25391	70	127
note	296.482	0.233073	60	127
note	296.482	0.233073	68	127
note	296.229	0.49349	58	127
note	296.734	0.233073	58	127
note	296.734	0.233073	67	127
note	296.987	0.233073	56	127
note	296.987	0.233073	65	127
note	296.734	0.49349	46	127
note	297.24	0.233073	63	127
note	297.491	0.233073	62	127
note	296.229	1.50911	74	127
note	297.743	0.233073	60	127
note	297.996	0.233073	62	127
note	297.743	0.49349	67	127
note	298.249	0.49349	63	127
note	297.24	1.50651	48	127
note	298.75	0.233073	48	127
note	298.75	0.233073	63	127
note	299.001	0.233073	50	127
note	299.001	0.233073	65	127
note	298.249	1.25	72	127
note	299.503	0.233073	75	127
note	299.254	0.489583	51	127
note	297.24	2.50781	55	127
note	299.751	0.233073	51	127
note	299.751	0.233073	55	127
note	299.751	0.233073	74	127
note	300.004	0.233073	53	127
note	300.004	0.233073	56	127
note	300.004	0.233073	72	127
note	300.257	0.233073	58	127
note	299.254	1.25	67	127
note	300.508	0.233073	56	127
note	300.508	0.233073	65	127
note	300.257	0.49349	55	127
note	300.76	0.233073	55	127
note	300.76	0.233073	63	127
note	301.013	0.233073	53	127
note	301.013	0.233073	61	127
note	300.76	0.49349	43	127
note	301.266	0.233073	60	127
note	301.518	0.233073	58	127
note	300.257	1.50911	70	127
note	301.77	0.233073	56	127
note	302.022	0.233073	58	127
note	301.77	0.49349	63	127
note	302.275	0.49349	60	127
note	301.266	1.50651	44	127
note	302.776	0.233073	44	127
note	302.776	0.233073	60	127
note	303.029	0.233073	46	127
note	303.029	0.233073	62	127
note	302.275	1.25	68	127
note	303.529	0.233073	72	127
note	303.28	0.489583	48	127
note	301.266	2.50781	51	127
note	303.777	0.233073	48	127
note	303.777	0.233073	51	127
note	303.777	0.233073	70	127
note	304.03	0.233073	50	127
note	304.03	0.233073	53	127
note	304.03	0.233073	68	127
note	304.283	0.233073	55	127
note	303.28	1.25	63	127
note	304.535	0.233073	53	127
note	304.535	0.233073	62	127
note	304.283	0.49349	51	127
note	304.788	0.233073	51	127
note	304.788	0.233073	60	127
note	305.039	0.233073	50	127
note	305.039	0.233073	58	127
note	304.788	0.49349	39	127
note	304.283	1.25391	67	127
note	305.54	0.233073	65	127
note	305.292	0.489583	41	127
note	305.292	0.489583	48	127
note	305.292	0.489583	56	127
note	305.793	0.233073	50	127
note	305.793	0.233073	68	127
note	306.046	0.233073	51	127
note	306.046	0.233073	67	127
note	305.793	0.49349	43	127
note	305.793	0.49349	47	127
note	306.297	0.233073	65	127
note	306.549	0.233073	63	127
note	306.297	0.49349	44	127
note	306.297	0.49349	53	127
note	306.802	0.233073	62	127
note	307.055	0.233073	60	127
note	306.802	0.49349	45	127
note	306.802	0.49349	54	127
note	306.297	1.0013	48	127
note	307.303	0.49349	55	127
note	307.807	0.233073	55	127
note	308.06	0.233073	57	127
note	307.303	0.997396	43	127
note	307.303	0.997396	50	127
note	307.303	1.0013	59	127
note	308.309	0.49349	59	127
note	308.814	0.233073	57	127
note	309.066	0.233073	59	127
note	308.309	1.00521	79	127
note	309.318	0.233073	60	127
note	309.57	0.233073	59	127
note	309.823	0.233073	60	127
note	310.076	0.233073	62	127
note	309.318	1.00521	80	127
note	309.823	1.0013	72	127
note	310.828	0.49349	70	127
note	310.328	0.997396	79	127
note	310.328	1.24609	63	127
note	311.578	0.233073	60	127
note	311.329	0.489583	69	127
note	311.831	0.233073	62	127
note	311.831	0.233073	71	127
note	312.083	0.233073	63	127
note	312.083	0.233073	72	127
note	311.329	1.0013	78	127
note	312.335	0.233073	74	127
note	312.587	0.233073	72	127
note	312.84	0.233073	71	127
note	313.092	0.233073	69	127
note	312.335	1.00521	83	127
note	312.335	1.25391	65	127
note	313.594	0.233073	63	127
note	313.345	0.730469	67	127
note	313.845	0.233073	65	127
note	314.098	0.233073	67	127
note	313.345	1.0013	84	127
note	314.603	0.233073	55	127
note	314.855	0.233073	57	127
note	315.107	0.233073	59	127
note	314.35	1.00521	77	127
note	314.35	1.25391	68	127
note	315.608	0.233073	67	127
note	315.861	0.233073	69	127
note	316.113	0.233073	71	127
note	315.359	1.0013	76	127
note	315.359	1.25	60	127
note	316.613	0.233073	60	127
note	316.866	0.233073	62	127
note	317.118	0.233073	63	127
note	316.366	1.0013	75	127
note	317.371	0.233073	65	127
note	317.624	0.233073	62	127
note	316.366	1.50651	72	127
note	317.875	0.233073	63	127
note	317.875	0.233073	71	127
note	318.128	0.233073	65	127
note	318.128	0.233073	69	127
note	318.38	0.233073	67	127
note	318.38	0.233073	71	127
note	318.633	0.233073	68	127
note	318.633	0.233073	72	127
note	318.885	0.233073	67	127
note	318.885	0.233073	71	127
note	317.371	1.7513	74	127
note	319.137	0.233073	65	127
note	319.389	0.233073	63	127
note	319.137	0.734375	74	127
note	319.642	0.233073	65	127
note	319.895	0.233073	63	127
note	319.895	0.233073	72	127
note	320.147	0.233073	62	127
note	320.147	0.233073	74	127
note	320.398	0.49349	60	127
note	319.389	1.50651	67	127
note	320.9	0.233073	60	127
note	321.152	0.233073	58	127
note	320.9	0.49349	67	127
note	321.405	0.49349	57	127
note	321.405	0.49349	60	127
note	321.909	0.233073	57	127
note	321.909	0.233073	72	127
note	322.161	0.233073	55	127
note	322.161	0.233073	70	127
note	322.414	0.49349	53	127
note	322.414	0.49349	69	127
note	322.919	0.233073	55	127
note	322.919	0.233073	70	127
note	323.171	0.233073	57	127
note	323.171	0.233073	72	127
note	323.423	0.49349	58	127
note	323.423	0.49349	65	127
note	320.398	3.52083	75	127
note	323.924	0.233073	65	127
note	323.924	0.233073	74	127
note	324.177	0.233073	63	127
note	324.177	0.233073	75	127
note	324.43	0.49349	62	127
note	323.924	1.0013	70	127
note	324.93	0.233073	62	127
note	325.182	0.233073	60	127
note	324.93	0.49349	68	127
note	325.435	0.49349	59	127
note	325.435	0.49349	67	127
note	325.94	0.233073	59	127
note	325.94	0.233073	74	127
note	326.191	0.233073	57	127
note	326.191	0.233073	72	127
note	326.444	0.49349	55	127
note	326.444	0.49349	71	127
note	326.949	0.233073	57	127
note	326.949	0.233073	72	127
note	327.202	0.233073	59	127
note	327.202	0.233073	74	127
note	324.43	3.26823	77	127
note	327.702	0.233073	74	127
note	327.453	0.489583	60	127
note	327.954	0.233073	58	127
note	327.954	0.233073	76	127
note	328.207	0.233073	56	127
note	328.207	0.233073	79	127
note	328.46	0.49349	55	127
note	327.453	1.5026	67	127
note	328.96	0.233073	55	127
note	329.212	0.233073	53	127
note	328.96	0.49349	61	127
note	329.465	0.49349	52	127
note	329.465	0.49349	60	127
note	329.97	0.233073	52	127
note	329.97	0.233073	67	127
note	330.221	0.233073	50	127
note	330.221	0.233073	65	127
note	330.474	0.49349	48	127
note	330.474	0.49349	64	127
note	330.979	0.233073	50	127
note	330.979	0.233073	65	127
note	331.232	0.233073	52	127
note	331.232	0.233073	67	127
note	331.483	0.236979	53	127
note	331.74	0.236979	55	127
note	328.46	3.53255	70	127
note	331.996	0.236979	56	127
note	332.251	0.236979	58	127
note	331.996	0.5	68	127
note	331.483	1.01302	60	127
note	331.996	1.01562	65	127
note	333.016	0.5	64	127
note	332.508	1.01302	48	127
note	332.508	1.01302	67	127
note	333.781	0.236979	64	127
note	333.525	0.5	65	127
note	332.508	1.52083	60	127
note	334.289	0.236979	67	127
note	333.525	1.01562	49	127
note	334.033	0.744792	65	127
note	334.801	0.236979	67	127
note	334.033	1.01953	58	127
note	335.057	0.236979	65	127
note	335.314	0.236979	63	127
note	334.546	1.01953	48	127
note	334.546	1.27214	68	127
note	335.822	0.236979	65	127
note	335.057	1.01562	56	127
note	336.078	0.236979	55	127
note	336.078	0.236979	67	127
note	336.333	0.236979	53	127
note	336.333	0.236979	68	127
note	335.569	1.00911	62	127
note	335.569	1.01302	47	127
note	336.586	0.236979	55	127
note	336.842	0.236979	58	127
note	337.098	0.236979	56	127
note	337.354	0.236979	55	127
note	336.586	1.01302	70	127
note	336.586	1.01562	52	127
note	337.863	0.236979	68	127
note	337.098	1.01562	61	127
note	338.118	0.236979	55	127
note	338.118	0.236979	70	127
note	338.375	0.236979	56	127
note	338.375	0.236979	72	127
note	338.118	0.5	60	127
note	337.607	1.01562	53	127
note	338.628	0.236979	58	127
note	338.883	0.236979	53	127
note	339.139	0.236979	51	127
note	339.396	0.236979	49	127
note	338.628	1.01953	46	127
note	338.628	1.27214	73	127
note	339.904	0.236979	72	127
note	339.139	1.01562	66	127
note	340.16	0.236979	74	127
note	340.415	0.236979	76	127
note	339.651	1.01562	45	127
note	339.651	1.26823	48	127
note	340.16	0.760417	65	127
note	340.924	0.236979	50	127
note	340.924	0.236979	65	127
note	341.18	0.236979	52	127
note	341.18	0.236979	67	127
note	341.436	0.236979	53	127
note	341.436	0.236979	68	127
note	340.672	1.01562	44	127
note	340.672	1.52474	77	127
note	342.201	0.236979	76	127
note	342.457	0.236979	74	127
note	342.714	0.236979	77	127
note	341.693	1.27214	55	127
note	342.969	0.106771	76	127
note	343.099	0.106771	77	127
note	342.969	0.240885	45	127
note	343.229	0.236979	46	127
note	343.484	0.236979	48	127
note	343.229	0.5	76	127
note	341.693	2.04036	43	127
note	343.737	0.248698	49	127
note	341.693	2.30339	70	127
note	344.005	0.248698	73	127
note	344.005	0.248698	48	127
note	344.275	0.248698	72	127
note	344.275	0.248698	49	127
note	344.543	0.248698	70	127
note	344.543	0.248698	51	127
note	343.737	1.33854	77	127
note	343.737	1.33854	41	127
note	345.081	0.248698	75	127
note	345.081	0.248698	41	127
note	345.349	0.248698	73	127
note	345.349	0.248698	43	127
note	345.618	0.248698	72	127
note	345.618	0.248698	45	127
note	344.812	1.34245	69	127
note	344.812	1.34245	53	127
note	346.163	0.251302	72	127
note	346.163	0.251302	53	127
note	346.435	0.251302	70	127
note	346.435	0.251302	55	127
note	346.708	0.251302	68	127
note	346.708	0.251302	56	127
note	346.982	0.251302	67	127
note	345.887	1.36198	73	127
note	345.887	1.36198	46	127
note	347.258	0.251302	70	127
note	347.258	0.251302	65	127
note	347.258	0.251302	49	127
note	347.53	0.251302	72	127
note	347.53	0.251302	63	127
note	347.53	0.251302	48	127
note	347.802	0.251302	73	127
note	347.802	0.251302	61	127
note	347.802	0.251302	46	127
note	346.982	1.36849	58	127
note	348.358	0.263021	58	127
note	348.074	0.554688	64	127
note	348.643	0.263021	56	127
note	348.926	0.263021	55	127
note	348.643	0.842448	72	127
note	349.493	0.263021	67	127
note	349.779	0.263021	68	127
note	349.21	1.1263	56	127
note	350.345	0.195312	56	127
note	350.061	0.686198	65	127
note	350.564	0.210938	55	127
note	350.785	0.236979	65	127
note	350.785	0.236979	56	127
note	351.03	0.210938	55	127
note	351.25	0.210938	56	127
note	351.03	0.451823	64	127
note	351.471	0.252604	62	127
note	351.471	0.252604	55	127
note	351.738	0.25651	56	127
note	351.738	0.270833	65	127
note	352.003	0.25651	55	127
note	352.003	0.270833	64	127
note	352.268	0.25651	56	127
note	352.268	0.286458	65	127
note	352.534	0.25651	55	127
note	352.534	0.286458	64	127
note	352.801	0.286458	56	127
note	352.801	0.313802	65	127
note	353.112	0.286458	55	127
note	353.112	0.313802	64	127
note	353.423	0.361979	53	127
note	353.423	0.361979	62	127
note	348.074	5.77734	60	127
note	348.074	5.77734	48	127
note	353.823	0.407552	64	127
note	353.823	0.407552	55	127
note	354.246	4.50391	60	127
note	354.246	4.50391	65	127
note	354.246	4.50391	41	127
note	354.246	4.50391	57	127
