note	0.0833333	0.398438	47	127
note	0.484375	0.373698	49	127
note	0.877604	0.398438	50	127
note	1.27995	0.373698	52	127
note	0.0833333	1.58724	66	127
note	1.67318	0.398438	54	127
note	2.07422	0.373698	56	127
note	1.67318	0.791667	73	127
note	0.877604	1.58724	71	127
note	2.46745	0.398438	57	127
note	2.86979	0.373698	59	127
note	2.46745	0.791667	69	127
note	3.26302	0.398438	61	127
note	3.66406	0.373698	59	127
note	3.26302	0.791667	68	127
note	2.46745	1.58724	78	127
note	4.05729	0.398438	58	127
note	4.45964	0.373698	54	127
note	4.05729	0.791667	76	127
note	4.85286	0.398438	59	127
note	5.25391	0.373698	57	127
note	4.05729	1.58724	73	127
note	5.64714	0.394531	71	127
note	5.64714	0.398438	55	127
note	6.04948	0.373698	54	127
note	6.04557	0.394531	69	127
note	6.44271	0.398438	52	127
note	6.84375	0.373698	49	127
note	4.85286	2.38281	74	127
note	7.23828	0.394531	73	127
note	7.23828	0.398438	50	127
note	7.63932	0.373698	52	127
note	7.63542	0.394531	71	127
note	6.44271	1.98438	67	127
note	8.03255	0.398438	54	127
note	8.4349	0.373698	42	127
note	8.42969	0.394531	66	127
note	8.03255	0.791667	70	127
note	8.82812	0.394531	71	127
note	8.82812	0.398438	44	127
note	9.22917	0.373698	46	127
note	9.22526	0.394531	73	127
note	9.6224	0.398438	47	127
note	10.0247	0.373698	49	127
note	9.6224	0.791667	66	127
note	8.82812	1.58724	64	127
note	10.418	0.398438	50	127
note	10.819	0.373698	52	127
note	10.418	0.791667	62	127
note	11.2122	0.398438	54	127
note	11.6146	0.373698	56	127
note	11.2122	0.791667	61	127
note	10.418	1.58724	71	127
note	12.0078	0.398438	57	127
note	12.4089	0.373698	54	127
note	12.0078	0.791667	69	127
note	12.8021	0.398438	59	127
note	13.2044	0.373698	47	127
note	12.0078	1.58724	66	127
note	13.5977	0.398438	49	127
note	13.9987	0.373698	45	127
note	12.8021	1.58724	67	127
note	14.3932	0.398438	50	127
note	14.7943	0.373698	49	127
note	13.5977	1.58724	64	127
note	15.1875	0.398438	47	127
note	15.5898	0.373698	45	127
note	14.3932	1.58724	66	127
note	15.9831	0.398438	43	127
note	16.3841	0.373698	54	127
note	15.9831	0.791667	71	127
note	15.1875	1.58724	62	127
note	16.7773	0.398438	52	127
note	17.1797	0.373698	50	127
note	16.7773	0.791667	76	127
note	17.5729	0.398438	49	127
note	17.974	0.373698	57	127
note	17.5729	0.791667	69	127
note	16.7773	1.58724	67	127
note	18.3672	0.398438	59	127
note	18.7695	0.373698	54	127
note	18.3672	0.791667	66	127
note	19.1628	0.398438	55	127
note	19.5638	0.373698	52	127
note	18.3672	1.58724	74	127
note	19.9583	0.398438	57	127
note	20.3594	0.373698	45	127
note	19.9583	0.777344	73	127
note	19.1628	1.58724	64	127
note	20.7526	0.196615	74	127
note	20.9518	0.196615	73	127
note	20.7526	0.398438	50	127
note	21.1497	0.196615	71	127
note	21.1549	0.373698	52	127
note	21.349	0.196615	69	127
note	21.5482	0.398438	54	127
note	21.9492	0.373698	55	127
note	20.7526	1.58724	66	127
note	22.3424	0.398438	45	127
note	22.7448	0.373698	47	127
note	22.3424	0.791667	64	127
note	21.5482	1.58724	74	127
note	23.138	0.398438	49	127
note	23.5391	0.373698	50	127
note	23.138	0.791667	73	127
note	23.9323	0.398438	52	127
note	24.3346	0.373698	54	127
note	23.9323	0.791667	71	127
note	23.138	1.58724	69	127
note	24.7279	0.398438	55	127
note	25.1289	0.373698	57	127
note	24.7279	0.791667	67	127
note	25.5221	0.398438	47	127
note	25.9245	0.373698	49	127
note	25.5221	0.791667	66	127
note	24.7279	1.58724	76	127
note	26.3177	0.398438	50	127
note	26.7188	0.373698	52	127
note	26.3177	0.791667	74	127
note	27.1133	0.398438	54	127
note	27.5143	0.373698	56	127
note	27.1133	0.791667	73	127
note	26.3177	1.58724	71	127
note	27.9076	0.398438	57	127
note	28.3099	0.373698	59	127
note	27.9076	0.791667	69	127
note	28.7031	0.398438	61	127
note	29.1042	0.373698	59	127
note	28.7031	0.791667	68	127
note	27.9076	1.58724	78	127
note	29.4974	0.398438	61	127
note	29.8997	0.373698	57	127
note	29.4974	0.791667	77	127
note	30.293	0.398438	62	127
note	30.694	0.373698	61	127
note	30.293	0.791667	78	127
note	29.4974	1.58724	73	127
note	31.0872	0.398438	62	127
note	31.4896	0.373698	59	127
note	31.0872	0.791667	80	127
note	31.8828	0.398438	53	127
note	32.2839	0.373698	61	127
note	31.8828	0.791667	73	127
note	31.0872	1.58724	71	127
note	32.6771	0.398438	62	127
note	33.0794	0.373698	57	127
note	32.6771	0.791667	69	127
note	33.4727	0.398438	59	127
note	33.8737	0.373698	56	127
note	32.6771	1.58724	78	127
note	34.2682	0.398438	61	127
note	34.6693	0.373698	49	127
note	34.2682	0.791667	77	127
note	33.4727	1.58724	68	127
note	35.0625	0.398438	54	127
note	35.4648	0.373698	52	127
note	35.0625	0.791667	69	127
note	35.0625	1.1901	78	127
note	35.8581	0.398438	54	127
note	36.2591	0.373698	56	127
note	36.6523	0.398438	57	127
note	37.0547	0.373698	59	127
note	36.6523	0.791667	76	127
note	35.8581	1.58724	74	127
note	37.4479	0.398438	61	127
note	37.849	0.373698	62	127
note	37.4479	0.791667	73	127
note	38.2422	0.398438	52	127
note	38.6445	0.373698	54	127
note	38.2422	0.791667	71	127
note	37.4479	1.58724	81	127
note	39.0378	0.398438	55	127
note	39.4388	0.373698	57	127
note	39.0378	0.791667	79	127
note	39.8333	0.398438	59	127
note	40.2344	0.373698	61	127
note	39.8333	0.791667	78	127
note	39.0378	1.58724	76	127
note	40.6276	0.398438	62	127
note	41.0299	0.373698	64	127
note	40.6276	0.791667	74	127
note	41.4232	0.398438	54	127
note	41.8242	0.373698	52	127
note	41.4232	0.791667	73	127
note	40.6276	1.58724	83	127
note	42.2174	0.398438	54	127
note	42.6198	0.373698	50	127
note	42.2174	0.791667	82	127
note	42.2174	1.1901	78	127
note	43.013	0.398438	55	127
note	43.4141	0.373698	54	127
note	43.4102	0.394531	71	127
note	43.013	1.1901	83	127
note	43.8073	0.398438	55	127
note	44.2057	0.196615	81	127
note	44.2096	0.373698	52	127
note	44.4036	0.196615	79	127
note	43.8073	1.1901	76	127
note	44.6029	0.398438	58	127
note	45	0.196615	74	127
note	45.0039	0.373698	54	127
note	45.1992	0.196615	73	127
note	45.3971	0.394531	74	127
note	44.6029	1.1901	78	127
note	45.3971	0.398438	59	127
note	45.7995	0.373698	52	127
note	45.7956	0.394531	71	127
note	45.7956	0.394531	79	127
note	46.1927	0.398438	54	127
note	46.5938	0.373698	52	127
note	46.1927	0.791667	71	127
note	46.1927	0.891927	74	127
note	47.0872	0.0963542	73	127
note	47.1862	0.0963542	74	127
note	46.9883	0.398438	54	127
note	47.3893	0.373698	42	127
note	47.2865	0.492188	73	127
note	46.9883	0.791667	70	127
note	47.7826	0.783854	47	127
note	47.7826	0.791667	71	127
note	48.1797	0.791667	79	127
note	48.5781	0.783854	45	127
note	48.5781	0.791667	73	127
note	49.3724	0.1875	45	127
note	49.5716	0.1875	43	127
note	48.9753	0.791667	78	127
note	49.7708	0.1875	45	127
note	49.7708	0.196615	83	127
note	49.9688	0.1875	43	127
note	49.9688	0.196615	82	127
note	50.168	0.1875	45	127
note	50.3659	0.1875	43	127
note	49.3724	1.1901	74	127
note	50.5651	0.1875	45	127
note	50.7643	0.1875	43	127
note	50.168	0.791667	83	127
note	50.5651	0.786458	76	127
note	50.9622	0.394531	82	127
note	51.3607	0.394531	74	127
note	51.3607	0.394531	83	127
note	51.7578	0.394531	73	127
note	51.7578	0.394531	76	127
note	52.1549	0.394531	71	127
note	52.1549	0.394531	74	127
note	52.5521	0.0963542	74	127
note	52.6523	0.0963542	73	127
note	52.7513	0.0963542	74	127
note	50.9622	3.16927	42	127
note	52.8503	1.28906	73	127
note	52.5521	1.58724	54	127
note	52.5521	1.58724	70	127
note	54.1432	0.398438	54	127
note	54.5443	0.373698	55	127
note	54.5404	0.394531	73	127
note	54.9375	0.394531	78	127
note	54.9375	0.398438	57	127
note	55.3398	0.373698	54	127
note	55.3346	0.394531	76	127
note	54.1432	1.98438	81	127
note	55.7331	0.398438	59	127
note	56.1341	0.373698	57	127
note	56.1302	0.394531	78	127
note	56.5273	0.394531	83	127
note	56.5273	0.398438	55	127
note	56.9297	0.373698	54	127
note	56.9258	0.394531	81	127
note	55.7331	1.58724	75	127
note	57.3229	0.398438	52	127
note	57.724	0.373698	43	127
note	57.3229	0.791667	76	127
note	57.3229	0.791667	79	127
note	58.1172	0.398438	45	127
note	58.5195	0.373698	47	127
note	58.1172	0.791667	75	127
note	58.1172	0.791667	78	127
note	58.9128	0.394531	76	127
note	58.9128	0.398438	40	127
note	59.3138	0.373698	42	127
note	59.3099	0.394531	71	127
note	59.7083	0.394531	76	127
note	59.7083	0.398438	43	127
note	60.1094	0.373698	40	127
note	60.1055	0.394531	74	127
note	58.9128	1.98438	79	127
note	60.5026	0.398438	45	127
note	60.9049	0.373698	43	127
note	60.8997	0.394531	76	127
note	61.2982	0.394531	81	127
note	61.2982	0.398438	42	127
note	61.6992	0.373698	40	127
note	61.6953	0.394531	79	127
note	60.5026	1.58724	73	127
note	62.0924	0.398438	38	127
note	62.4948	0.373698	42	127
note	62.0924	0.791667	74	127
note	62.0924	0.791667	78	127
note	62.888	0.398438	43	127
note	63.2891	0.373698	45	127
note	62.888	0.791667	73	127
note	62.888	0.791667	76	127
note	63.6823	0.394531	74	127
note	63.6823	0.398438	38	127
note	64.0846	0.373698	52	127
note	64.0807	0.394531	69	127
note	64.4779	0.394531	71	127
note	64.4779	0.398438	50	127
note	64.8789	0.373698	49	127
note	64.875	0.394531	73	127
note	63.6823	1.98438	78	127
note	65.2721	0.398438	47	127
note	65.6745	0.373698	45	127
note	65.6706	0.394531	78	127
note	66.0677	0.394531	80	127
note	66.0677	0.398438	44	127
note	66.4688	0.373698	42	127
note	66.4648	0.394531	81	127
note	65.2721	1.98438	74	127
note	66.8633	0.398438	41	127
note	67.2643	0.373698	54	127
note	67.2604	0.394531	73	127
note	66.8633	0.791667	83	127
note	67.6576	0.394531	78	127
note	67.6576	0.398438	56	127
note	68.0599	0.373698	57	127
note	68.0547	0.394531	76	127
note	68.4531	0.394531	74	127
note	68.4531	0.398438	59	127
note	68.8542	0.373698	61	127
note	68.8503	0.394531	73	127
note	67.6576	1.58724	81	127
note	69.2474	0.394531	79	127
note	69.2474	0.398438	62	127
note	69.6497	0.373698	59	127
note	69.6458	0.394531	78	127
note	70.043	0.394531	77	127
note	70.043	0.398438	61	127
note	70.444	0.373698	42	127
note	70.4401	0.394531	73	127
note	69.2474	1.58724	71	127
note	70.8372	0.394531	78	127
note	70.8372	0.398438	44	127
note	71.2396	0.373698	45	127
note	71.2357	0.394531	76	127
note	70.8372	1.1901	69	127
note	71.6328	0.398438	47	127
note	72.0339	0.373698	49	127
note	72.0299	0.394531	69	127
note	72.4271	0.394531	68	127
note	72.4271	0.398438	50	127
note	72.8294	0.373698	47	127
note	72.8255	0.394531	66	127
note	73.2227	0.394531	65	127
note	73.2227	0.398438	49	127
note	73.6237	0.373698	51	127
note	73.6198	0.394531	66	127
note	71.6328	2.38281	74	127
note	74.0182	0.394531	73	127
note	74.0182	0.398438	53	127
note	74.4193	0.373698	49	127
note	74.4154	0.394531	71	127
note	74.8125	0.394531	69	127
note	74.8125	0.398438	54	127
note	75.2148	0.373698	56	127
note	75.2096	0.394531	71	127
note	74.0182	1.58724	68	127
note	75.6081	0.394531	66	127
note	75.6081	0.398438	57	127
note	76.0091	0.373698	54	127
note	76.0052	0.394531	64	127
note	76.4023	0.398438	59	127
note	76.8047	0.373698	57	127
note	75.6081	1.58724	73	127
note	77.1979	0.398438	56	127
note	77.599	0.373698	54	127
note	76.4023	1.58724	62	127
note	77.9922	0.398438	53	127
note	78.3945	0.373698	49	127
note	77.1979	1.58724	71	127
note	78.7878	0.398438	54	127
note	79.1888	0.373698	52	127
note	77.9922	1.58724	61	127
note	79.5833	0.398438	50	127
note	79.9844	0.373698	49	127
note	78.7878	1.58724	69	127
note	80.3776	0.394531	68	127
note	80.3776	0.398438	50	127
note	80.7799	0.373698	47	127
note	80.7747	0.394531	66	127
note	81.1732	0.394531	65	127
note	79.5833	1.98438	59	127
note	81.1732	0.398438	49	127
note	81.5742	0.373698	47	127
note	81.5703	0.394531	65	127
note	81.5703	0.394531	74	127
note	81.9674	0.394531	66	127
note	81.9674	0.394531	73	127
note	81.9674	0.398438	45	127
note	82.3698	0.373698	47	127
note	82.3646	0.394531	68	127
note	82.3646	0.394531	71	127
note	82.763	0.394531	61	127
note	82.763	0.398438	49	127
note	83.1641	0.373698	47	127
note	82.763	0.791667	69	127
note	83.1602	0.791667	66	127
note	83.5573	0.398438	49	127
note	83.9596	0.373698	37	127
note	83.5573	0.791667	68	127
note	83.9557	0.394531	65	127
note	84.3529	0.398438	42	127
note	84.7539	0.373698	49	127
note	84.3529	0.791667	66	127
note	85.1471	0.398438	51	127
note	85.5495	0.373698	52	127
note	85.9427	0.398438	54	127
note	86.3438	0.373698	57	127
note	85.9427	0.791667	75	127
note	85.1471	1.58724	72	127
note	86.7383	0.394531	71	127
note	86.7383	0.394531	76	127
note	86.7383	0.398438	55	127
note	87.1393	0.373698	54	127
note	87.1354	0.394531	69	127
note	87.1354	0.394531	78	127
note	87.5326	0.394531	67	127
note	87.5326	0.394531	71	127
note	87.5326	0.398438	52	127
note	87.9349	0.373698	54	127
note	87.9297	0.394531	75	127
note	87.9297	0.394531	84	127
note	88.3281	0.394531	76	127
note	88.3281	0.394531	83	127
note	88.3281	0.398438	55	127
note	88.7292	0.373698	57	127
note	88.7253	0.394531	78	127
note	88.7253	0.394531	81	127
note	89.1224	0.394531	71	127
note	89.1224	0.398438	59	127
note	89.5247	0.373698	57	127
note	89.1224	0.791667	79	127
note	89.5208	0.791667	76	127
note	89.918	0.398438	59	127
note	90.319	0.373698	47	127
note	90.3151	0.394531	75	127
note	89.918	0.791667	78	127
note	90.7122	0.398438	52	127
note	91.1146	0.373698	59	127
note	90.7122	0.791667	76	127
note	91.5078	0.398438	61	127
note	91.9089	0.373698	62	127
note	92.3021	0.398438	64	127
note	92.7044	0.373698	55	127
note	92.3021	0.791667	73	127
note	91.5078	1.58724	82	127
note	93.0977	0.394531	74	127
note	93.0977	0.394531	81	127
note	93.0977	0.398438	54	127
note	93.4987	0.373698	52	127
note	93.4948	0.394531	76	127
note	93.4948	0.394531	79	127
note	93.8932	0.394531	69	127
note	93.8932	0.394531	78	127
note	93.8932	0.398438	50	127
note	94.2943	0.373698	52	127
note	94.2904	0.394531	70	127
note	94.2904	0.394531	73	127
note	94.6875	0.394531	69	127
note	94.6875	0.394531	74	127
note	94.6875	0.398438	54	127
note	95.0898	0.373698	55	127
note	95.0846	0.394531	67	127
note	95.0846	0.394531	76	127
note	95.4831	0.394531	69	127
note	95.4831	0.398438	57	127
note	95.8841	0.373698	55	127
note	95.4831	0.791667	66	127
note	95.8802	0.791667	74	127
note	96.2773	0.398438	57	127
note	96.6797	0.373698	45	127
note	96.2773	0.791667	64	127
note	96.6758	0.394531	73	127
note	97.0729	0.394531	66	127
note	97.0729	0.398438	47	127
note	97.474	0.373698	50	127
note	97.0729	0.791667	62	127
note	97.4701	0.791667	71	127
note	97.8672	0.398438	54	127
note	98.2695	0.373698	42	127
note	97.8672	0.791667	61	127
note	98.2656	0.394531	69	127
note	98.6628	0.394531	62	127
note	98.6628	0.398438	43	127
note	99.0638	0.373698	47	127
note	98.6628	0.791667	59	127
note	99.0599	0.791667	67	127
note	99.8555	0.394531	66	127
note	99.4583	0.791667	57	127
note	99.4583	1.18099	50	127
note	100.655	0.373698	50	127
note	100.253	0.791667	59	127
note	100.253	0.791667	68	127
note	101.048	0.394531	70	127
note	101.048	0.398438	49	127
note	101.449	0.373698	47	127
note	101.445	0.394531	71	127
note	101.048	1.1901	64	127
note	101.842	0.398438	46	127
note	102.245	0.373698	42	127
note	102.24	0.394531	67	127
note	102.638	0.394531	66	127
note	102.638	0.398438	44	127
note	103.039	0.373698	46	127
note	103.035	0.394531	64	127
note	101.842	1.98438	73	127
note	103.432	0.398438	47	127
note	103.835	0.373698	54	127
note	103.432	0.791667	62	127
note	103.831	0.394531	71	127
note	104.228	0.394531	73	127
note	104.228	0.398438	52	127
note	104.629	0.373698	50	127
note	104.625	0.394531	74	127
note	104.228	1.1901	67	127
note	105.022	0.398438	49	127
note	105.424	0.373698	45	127
note	105.421	0.394531	71	127
note	105.818	0.394531	69	127
note	105.818	0.398438	47	127
note	106.219	0.373698	49	127
note	106.215	0.394531	67	127
note	105.022	1.98438	76	127
note	106.613	0.398438	50	127
note	107.014	0.373698	57	127
note	107.01	0.394531	74	127
note	106.613	0.791667	66	127
note	107.408	0.394531	76	127
note	107.408	0.398438	55	127
note	107.81	0.373698	54	127
note	107.805	0.394531	78	127
note	107.408	1.1901	71	127
note	108.203	0.398438	52	127
note	108.604	0.373698	49	127
note	108.6	0.394531	74	127
note	108.997	0.394531	73	127
note	108.997	0.398438	50	127
note	109.4	0.373698	52	127
note	109.396	0.394531	71	127
note	109.793	0.394531	73	127
note	109.793	0.398438	46	127
note	110.194	0.373698	54	127
note	110.19	0.394531	76	127
note	108.203	2.38281	79	127
note	110.587	0.394531	74	127
note	110.587	0.398438	56	127
note	110.99	0.373698	58	127
note	110.986	0.394531	73	127
note	110.587	1.1901	78	127
note	111.383	0.398438	59	127
note	111.784	0.373698	47	127
note	111.78	0.394531	81	127
note	111.383	0.791667	74	127
note	112.177	0.394531	79	127
note	112.177	0.398438	49	127
note	112.579	0.373698	50	127
note	112.576	0.394531	78	127
note	112.177	1.1901	71	127
note	112.973	0.398438	52	127
note	113.374	0.373698	54	127
note	113.37	0.394531	74	127
note	112.973	0.791667	79	127
note	113.768	0.394531	73	127
note	113.768	0.398438	52	127
note	114.169	0.373698	50	127
note	114.165	0.394531	71	127
note	113.768	1.1901	80	127
note	114.562	0.398438	49	127
note	114.965	0.373698	61	127
note	114.96	0.394531	83	127
note	114.562	0.791667	76	127
note	115.358	0.394531	81	127
note	115.358	0.398438	62	127
note	115.759	0.373698	64	127
note	115.755	0.394531	80	127
note	115.358	1.1901	73	127
note	116.152	0.398438	66	127
note	116.555	0.373698	67	127
note	116.152	0.791667	81	127
note	116.551	0.394531	76	127
note	116.948	0.394531	74	127
note	116.948	0.398438	66	127
note	117.349	0.373698	64	127
note	117.345	0.394531	73	127
note	116.948	1.1901	82	127
note	117.742	0.398438	62	127
note	118.145	0.373698	50	127
note	117.742	0.791667	78	127
note	118.141	0.394531	84	127
note	118.538	0.394531	83	127
note	118.538	0.398438	52	127
note	118.939	0.373698	54	127
note	118.935	0.394531	82	127
note	118.538	1.1901	74	127
note	119.333	0.398438	55	127
note	119.734	0.373698	54	127
note	119.73	0.394531	76	127
note	119.333	1.1901	83	127
note	120.128	0.398438	52	127
note	120.53	0.373698	51	127
note	120.525	0.394531	81	127
note	120.923	0.398438	52	127
note	121.324	0.373698	50	127
note	120.128	1.58724	78	127
note	121.717	0.398438	49	127
note	122.12	0.373698	47	127
note	120.923	1.58724	79	127
note	122.513	0.398438	46	127
note	122.914	0.373698	54	127
note	121.717	1.58724	76	127
note	123.307	0.398438	59	127
note	123.71	0.373698	57	127
note	122.513	1.58724	78	127
note	124.103	0.398438	56	127
note	124.504	0.373698	54	127
note	123.307	1.58724	74	127
note	124.897	0.398438	56	127
note	125.299	0.373698	58	127
note	124.103	1.58724	76	127
note	125.693	0.398438	59	127
note	126.094	0.373698	47	127
note	124.897	1.58724	73	127
note	126.488	0.394531	71	127
note	126.488	0.398438	49	127
note	126.889	0.373698	50	127
note	126.885	0.394531	69	127
note	127.283	0.398438	52	127
note	127.685	0.373698	54	127
note	125.693	2.38281	74	127
note	128.078	0.394531	73	127
note	128.078	0.398438	55	127
note	128.479	0.373698	52	127
note	128.475	0.394531	71	127
note	128.872	0.394531	70	127
note	127.283	1.98438	67	127
note	128.872	0.398438	54	127
note	129.275	0.373698	52	127
note	129.271	0.394531	70	127
note	129.271	0.394531	79	127
note	129.668	0.394531	71	127
note	129.668	0.394531	78	127
note	129.668	0.398438	50	127
note	130.069	0.373698	52	127
note	130.065	0.394531	73	127
note	130.065	0.394531	76	127
note	130.462	0.394531	66	127
note	130.462	0.398438	54	127
note	130.865	0.373698	52	127
note	130.462	0.791667	74	127
note	130.861	0.791667	71	127
note	131.258	0.398438	54	127
note	131.659	0.373698	42	127
note	131.655	0.394531	70	127
note	131.258	0.791667	73	127
note	132.053	0.807292	43	127
note	132.464	0.815104	64	127
note	132.872	0.807292	42	127
note	133.281	0.40625	63	127
note	132.053	2.04297	71	127
note	133.691	0.807292	40	127
note	134.102	0.815104	71	127
note	134.51	0.807292	38	127
note	134.919	0.40625	70	127
note	133.691	2.04297	67	127
note	135.329	0.417969	37	127
note	135.751	0.390625	59	127
note	135.747	0.830729	67	127
note	136.164	0.417969	58	127
note	136.587	0.390625	57	127
note	136.582	0.414062	66	127
note	135.329	2.08333	76	127
note	137.001	0.417969	56	127
note	137.422	0.390625	55	127
note	137.418	0.830729	76	127
note	137.835	0.417969	54	127
note	138.257	0.390625	59	127
note	138.253	0.414062	75	127
note	137.001	2.08333	71	127
note	138.671	0.417969	52	127
note	139.091	0.390625	64	127
note	139.087	0.830729	71	127
note	139.507	0.417969	62	127
note	139.928	0.390625	61	127
note	139.924	0.414062	70	127
note	138.671	2.08333	79	127
note	140.341	0.417969	59	127
note	140.763	0.390625	60	127
note	140.758	0.830729	78	127
note	141.176	0.417969	61	127
note	141.598	0.390625	62	127
note	141.594	0.414062	77	127
note	140.341	2.08984	74	127
note	142.012	0.420573	83	127
note	142.012	0.424479	53	127
note	142.435	0.207031	76	127
note	142.439	0.394531	54	127
note	142.646	0.207031	75	127
note	142.435	0.417969	72	127
note	142.858	0.420573	76	127
note	142.858	0.424479	55	127
note	143.285	0.394531	52	127
note	143.281	0.417969	79	127
note	143.703	0.428385	54	127
note	144.137	0.402344	52	127
note	143.703	0.851562	74	127
note	142.858	1.69922	71	127
note	144.56	0.447917	54	127
note	145.012	0.420573	42	127
note	144.56	0.891927	70	127
note	144.56	0.891927	73	127
note	145.457	0.460938	69	127
note	145.457	0.460938	75	127
note	145.922	0.460938	76	127
note	146.387	0.460938	70	127
note	145.922	0.925781	67	127
note	146.854	0.460938	71	127
note	146.854	0.958333	66	127
note	147.814	0.490885	64	127
note	147.319	1.48307	67	127
note	148.806	0.490885	70	127
note	148.311	0.986979	61	127
note	145.457	7.03255	47	127
note	149.302	3.19271	66	127
note	149.302	3.19271	63	127
note	149.302	3.19271	71	127
note	154.16	0.529948	66	127
note	154.694	0.529948	62	127
note	155.228	0.529948	59	127
note	155.76	0.529948	67	127
note	156.293	0.529948	66	127
note	156.827	0.529948	71	127
note	157.361	0.529948	70	127
note	157.893	0.529948	64	127
note	158.427	0.529948	63	127
note	158.96	0.529948	72	127
note	159.493	0.529948	71	127
note	160.026	0.529948	66	127
note	160.56	0.529948	65	127
note	161.094	0.529948	74	127
note	161.626	0.529948	73	127
note	162.159	0.529948	72	127
note	162.693	0.529948	73	127
note	163.227	0.529948	69	127
note	163.76	0.529948	66	127
note	164.293	0.130208	69	127
note	164.427	0.130208	68	127
note	164.561	0.130208	69	127
note	164.694	0.130208	68	127
note	164.828	0.130208	69	127
note	164.962	0.130208	68	127
note	165.096	0.130208	69	127
note	165.23	0.130208	68	127
note	165.363	0.130208	69	127
note	165.497	0.130208	68	127
note	165.632	0.130208	69	127
note	165.766	0.130208	68	127
note	165.9	0.130208	69	127
note	166.034	0.130208	68	127
note	166.167	0.130208	69	127
note	166.301	0.130208	68	127
note	166.435	0.795573	66	127
note	167.233	0.261719	65	127
note	166.967	0.527344	59	127
note	167.499	0.261719	66	127
note	167.764	0.261719	68	127
note	167.499	0.527344	57	127
note	168.03	0.261719	69	127
note	168.296	0.261719	73	127
note	168.03	0.527344	54	127
note	168.56	0.261719	71	127
note	168.56	0.527344	62	127
note	168.827	0.261719	68	127
note	169.092	0.261719	69	127
note	169.358	0.261719	72	127
note	169.092	0.527344	59	127
note	169.624	0.529948	64	127
note	170.156	0.529948	63	127
note	169.624	1.0638	78	127
note	170.69	0.529948	57	127
note	171.223	0.529948	56	127
note	170.69	1.0638	76	127
note	171.755	0.529948	65	127
note	171.755	1.0638	74	127
note	172.29	0.529948	64	127
note	172.823	0.529948	59	127
note	173.357	0.529948	58	127
note	172.823	1.0638	73	127
note	173.889	0.529948	67	127
note	174.422	0.529948	66	127
note	174.956	0.529948	65	127
note	173.889	1.59635	71	127
note	175.49	0.529948	66	127
note	175.49	0.529948	70	127
note	176.022	0.529948	62	127
note	176.556	0.529948	59	127
note	177.089	0.174479	62	127
note	176.022	1.32812	71	127
note	177.267	0.171875	61	127
note	177.443	0.174479	62	127
note	177.355	0.261719	73	127
note	177.62	0.174479	61	127
note	177.62	0.261719	74	127
note	177.798	0.171875	62	127
note	177.885	0.261719	76	127
note	177.974	0.174479	61	127
note	178.151	0.174479	62	127
note	178.151	0.261719	78	127
note	178.329	0.171875	61	127
note	178.417	0.261719	79	127
note	178.505	0.174479	62	127
note	178.682	0.174479	61	127
note	178.682	0.261719	71	127
note	178.859	0.171875	62	127
note	179.035	0.174479	61	127
note	178.948	0.261719	70	127
note	179.214	0.261719	59	127
note	179.479	0.261719	66	127
note	179.745	0.261719	68	127
note	180.009	0.261719	70	127
note	180.276	0.261719	71	127
note	180.54	0.261719	73	127
note	180.807	0.261719	66	127
note	181.072	0.261719	65	127
note	179.214	2.65625	74	127
note	181.871	0.529948	72	127
note	182.404	0.529948	71	127
note	182.938	0.529948	75	127
note	181.337	2.66406	69	127
note	184.004	0.529948	67	127
note	184.538	0.529948	66	127
note	185.07	0.529948	70	127
note	183.471	2.66406	76	127
note	186.138	0.529948	74	127
note	186.671	0.529948	73	127
note	187.203	0.529948	77	127
note	185.603	2.66406	71	127
note	187.737	0.77474	78	127
note	188.27	0.52474	70	127
note	188.27	0.527344	54	127
note	188.536	0.261719	79	127
note	188.801	0.261719	78	127
note	189.066	0.261719	76	127
note	188.801	0.527344	50	127
note	188.801	0.773438	71	127
note	189.332	0.261719	74	127
note	189.598	0.261719	71	127
note	189.332	0.527344	47	127
note	189.865	0.261719	73	127
note	190.129	0.261719	76	127
note	189.865	0.527344	55	127
note	190.395	0.261719	74	127
note	190.66	0.261719	71	127
note	190.395	0.527344	54	127
note	190.926	0.529948	59	127
note	190.926	0.529948	66	127
note	190.926	1.05339	73	127
note	191.458	0.529948	58	127
note	191.992	0.529948	52	127
note	191.458	1.33203	78	127
note	191.992	1.05599	71	127
note	192.793	0.264323	79	127
note	192.525	0.532552	51	127
note	193.061	0.261719	78	127
note	193.327	0.261719	76	127
note	193.061	0.527344	60	127
note	193.592	0.261719	75	127
note	193.061	1.05208	69	127
note	193.857	0.264323	73	127
note	193.592	0.529948	59	127
note	194.125	0.174479	71	127
note	194.303	0.174479	73	127
note	194.48	0.174479	74	127
note	194.125	0.529948	54	127
note	194.125	1.05339	68	127
note	194.659	0.529948	53	127
note	194.659	0.77474	73	127
note	195.457	0.261719	71	127
note	195.191	0.527344	62	127
note	195.723	0.261719	69	127
note	195.988	0.261719	74	127
note	195.723	0.527344	61	127
note	196.254	0.529948	60	127
note	195.191	1.59245	66	127
note	196.254	1.05339	68	127
note	196.788	0.529948	61	127
note	196.788	0.529948	65	127
note	197.32	0.529948	57	127
note	197.854	0.529948	54	127
note	197.32	1.0638	69	127
note	197.32	1.33203	66	127
note	198.655	0.261719	68	127
note	198.387	0.77474	71	127
note	198.919	0.261719	69	127
note	199.453	0.261719	73	127
note	199.186	0.78125	71	127
note	199.719	0.261719	74	127
note	199.986	0.261719	66	127
note	200.25	0.261719	65	127
note	198.387	2.125	56	127
note	200.516	0.261719	54	127
note	200.781	0.261719	54	127
note	201.047	0.261719	55	127
note	199.986	1.57812	71	127
note	201.312	0.264323	57	127
note	201.581	0.261719	59	127
note	201.845	0.261719	60	127
note	202.111	0.261719	52	127
note	202.378	0.261719	51	127
note	201.581	1.05859	69	127
note	202.642	0.261719	52	127
note	202.909	0.261719	54	127
note	203.173	0.261719	55	127
note	200.516	3.18359	66	127
note	203.439	0.261719	52	127
note	203.704	0.261719	58	127
note	203.97	0.261719	59	127
note	204.234	0.261719	50	127
note	204.501	0.261719	49	127
note	202.642	2.12109	67	127
note	204.766	0.529948	50	127
note	203.704	1.85547	64	127
note	204.766	1.04167	66	127
note	205.301	0.527344	71	127
note	205.568	0.261719	62	127
note	205.301	0.529948	47	127
note	205.833	0.261719	61	127
note	206.098	0.261719	59	127
note	205.833	0.527344	69	127
note	205.833	0.773438	54	127
note	206.365	0.261719	57	127
note	206.365	0.527344	66	127
note	206.896	0.261719	56	127
note	207.16	0.261719	59	127
note	206.896	0.527344	74	127
note	206.896	0.527344	65	127
note	206.629	1.04818	54	127
note	207.426	0.261719	57	127
note	207.426	0.527344	63	127
note	207.426	0.527344	71	127
note	207.693	0.261719	54	127
note	207.957	0.529948	60	127
note	207.957	0.529948	76	127
note	208.49	0.261719	59	127
note	207.957	1.05339	54	127
note	208.757	0.264323	57	127
note	208.49	1.04818	75	127
note	209.023	0.529948	69	127
note	209.557	0.529948	76	127
note	209.557	0.529948	68	127
note	209.023	1.0638	52	127
note	210.091	0.529948	77	127
note	209.023	2.12891	59	127
note	210.624	0.529948	76	127
note	210.091	1.0638	50	127
note	211.156	0.529948	71	127
note	211.69	0.529948	76	127
note	211.69	0.529948	70	127
note	211.156	1.0638	49	127
note	211.156	1.0638	52	127
note	212.224	0.261719	74	127
note	212.224	0.52474	79	127
note	212.488	0.261719	73	127
note	212.224	0.527344	59	127
note	212.755	0.261719	74	127
note	212.755	0.52474	78	127
note	213.02	0.261719	71	127
note	212.755	0.527344	57	127
note	213.286	0.529948	56	127
note	213.286	0.529948	77	127
note	212.224	1.59245	47	127
note	213.286	1.05339	73	127
note	213.819	0.529948	46	127
note	213.819	0.529948	54	127
note	213.819	0.529948	78	127
note	214.352	0.529948	66	127
note	214.352	0.529948	74	127
note	214.352	0.529948	71	127
note	214.885	0.529948	66	127
note	214.885	0.529948	71	127
note	214.885	0.529948	62	127
note	214.352	1.32812	47	127
note	215.684	0.261719	49	127
note	215.951	0.261719	50	127
note	216.215	0.261719	52	127
note	216.482	0.261719	54	127
note	216.746	0.261719	55	127
note	217.012	0.261719	47	127
note	217.277	0.261719	46	127
note	215.418	2.38542	67	127
note	215.418	2.38542	64	127
note	215.418	2.38542	73	127
note	217.809	0.261719	73	127
note	218.074	0.261719	74	127
note	218.339	0.261719	76	127
note	218.605	0.261719	78	127
note	218.871	0.261719	79	127
note	218.605	0.527344	58	127
note	219.137	0.261719	71	127
note	219.402	0.261719	70	127
note	218.074	1.58984	61	127
note	219.137	0.532552	54	127
note	217.543	2.38021	50	127
note	219.935	0.261719	46	127
note	220.201	0.261719	47	127
note	220.466	0.261719	49	127
note	219.667	1.0612	66	127
note	220.73	0.261719	50	127
note	220.997	0.261719	52	127
note	221.262	0.261719	42	127
note	221.529	0.261719	41	127
note	219.667	2.1237	62	127
note	219.667	2.38151	71	127
note	220.73	1.32812	68	127
note	222.061	0.261719	65	127
note	222.327	0.261719	66	127
note	222.592	0.261719	68	127
note	221.794	1.0612	42	127
note	222.858	0.261719	69	127
note	223.124	0.261719	71	127
note	222.858	0.527344	54	127
note	222.858	0.773438	66	127
note	223.389	0.52474	73	127
note	223.389	0.527344	57	127
note	221.794	2.20833	61	127
note	223.654	0.52474	66	127
note	223.921	0.261719	74	127
note	224.186	0.261719	76	127
note	223.921	0.527344	59	127
note	224.452	0.261719	59	127
note	224.452	0.52474	50	127
note	224.717	0.261719	57	127
note	224.982	0.261719	56	127
note	224.982	0.52474	52	127
note	225.249	0.261719	57	127
note	224.452	1.05859	78	127
note	225.513	0.261719	76	127
note	225.779	0.261719	74	127
note	225.513	0.527344	56	127
note	226.044	0.261719	73	127
note	225.513	0.914062	59	127
note	226.31	0.264323	74	127
note	226.044	0.529948	57	127
note	226.578	0.261719	57	127
note	226.578	0.52474	49	127
note	226.844	0.261719	56	127
note	227.109	0.261719	54	127
note	227.109	0.52474	50	127
note	227.374	0.261719	56	127
note	226.578	1.05859	76	127
note	227.641	0.261719	74	127
note	227.905	0.261719	73	127
note	227.641	0.527344	54	127
note	228.172	0.261719	71	127
note	227.641	0.914062	57	127
note	228.436	0.264323	73	127
note	228.172	0.529948	56	127
note	228.704	0.261719	56	127
note	228.704	0.52474	47	127
note	228.97	0.261719	54	127
note	229.236	0.261719	53	127
note	229.236	0.52474	49	127
note	229.501	0.261719	54	127
note	228.704	1.05859	74	127
note	229.767	0.261719	73	127
note	230.033	0.261719	71	127
note	229.767	0.527344	53	127
note	229.767	0.527344	56	127
note	230.565	0.261719	71	127
note	230.297	0.529948	54	127
note	230.297	1.05339	69	127
note	230.831	0.529948	45	127
note	230.831	0.529948	66	127
note	230.831	1.05339	73	127
note	231.365	0.529948	47	127
note	231.365	0.529948	62	127
note	231.897	0.261719	71	127
note	232.163	0.261719	69	127
note	231.897	0.527344	59	127
note	231.897	0.527344	50	127
note	232.428	0.261719	67	127
note	231.897	1.05208	78	127
note	232.694	0.264323	69	127
note	232.428	0.529948	52	127
note	232.962	0.261719	76	127
note	233.228	0.261719	74	127
note	232.962	0.527344	43	127
note	233.492	0.261719	73	127
note	232.962	1.05208	71	127
note	233.492	0.529948	45	127
note	233.759	0.264323	74	127
note	234.026	0.261719	69	127
note	234.292	0.261719	67	127
note	234.026	0.527344	49	127
note	234.556	0.261719	66	127
note	234.026	1.05208	76	127
note	234.556	0.529948	50	127
note	234.823	0.264323	67	127
note	235.091	0.261719	74	127
note	235.355	0.261719	73	127
note	235.091	0.527344	42	127
note	235.622	0.261719	71	127
note	235.091	1.05208	69	127
note	235.887	0.264323	73	127
note	235.622	0.529948	43	127
note	236.155	0.261719	67	127
note	236.419	0.261719	66	127
note	236.155	0.527344	47	127
note	236.686	0.261719	64	127
note	236.155	1.05208	74	127
note	236.952	0.264323	66	127
note	236.686	0.529948	49	127
note	237.219	0.261719	73	127
note	237.219	0.527344	40	127
note	237.486	0.261719	71	127
note	237.75	0.261719	70	127
note	237.219	1.05208	67	127
note	238.016	0.264323	71	127
note	237.75	0.529948	42	127
note	238.283	0.261719	66	127
note	238.283	0.527344	46	127
note	238.549	0.261719	64	127
note	238.283	1.05208	73	127
note	239.348	0.261719	71	127
note	238.815	1.05339	62	127
note	239.348	0.527344	66	127
note	239.613	0.264323	70	127
note	238.815	1.32812	47	127
note	240.146	0.261719	49	127
note	239.882	0.527344	62	127
note	240.413	0.261719	50	127
note	240.678	0.261719	54	127
note	240.413	0.527344	59	127
note	240.943	0.261719	52	127
note	239.882	1.32552	71	127
note	240.943	0.52474	67	127
note	241.21	0.261719	49	127
note	241.21	0.261719	70	127
note	241.474	0.261719	50	127
note	241.474	0.261719	71	127
note	241.474	0.52474	66	127
note	241.741	0.261719	54	127
note	241.741	0.261719	74	127
note	242.005	0.261719	55	127
note	242.271	0.261719	52	127
note	242.005	0.527344	71	127
note	242.536	0.261719	54	127
note	242.005	1.05208	73	127
note	242.802	0.264323	58	127
note	242.536	0.529948	70	127
note	243.069	0.261719	59	127
note	243.335	0.261719	55	127
note	243.069	0.527344	64	127
note	243.602	0.261719	54	127
note	243.069	1.05208	71	127
note	243.866	0.264323	52	127
note	243.602	0.529948	63	127
note	244.134	0.529948	72	127
note	244.134	0.795573	51	127
note	244.134	1.05339	69	127
note	244.932	0.264323	49	127
note	244.668	0.529948	71	127
note	245.201	0.261719	50	127
note	245.466	0.261719	52	127
note	245.201	0.527344	66	127
note	245.732	0.261719	50	127
note	245.201	1.05208	68	127
note	245.997	0.264323	49	127
note	245.732	0.529948	65	127
note	246.264	0.261719	47	127
note	246.264	0.527344	74	127
note	246.531	0.261719	45	127
note	246.796	0.261719	44	127
note	247.061	0.261719	42	127
note	246.796	0.527344	73	127
note	247.328	0.261719	44	127
note	247.592	0.261719	47	127
note	246.264	1.58984	66	127
note	247.328	0.527344	72	127
note	247.858	0.261719	45	127
note	248.124	0.261719	44	127
note	247.858	0.527344	73	127
note	247.858	0.527344	65	127
note	248.389	0.261719	42	127
note	248.655	0.261719	45	127
note	248.389	0.527344	66	127
note	248.389	0.527344	69	127
note	248.921	0.261719	50	127
note	249.185	0.261719	49	127
note	248.921	0.773438	66	127
note	249.452	0.260417	68	127
note	249.452	0.527344	47	127
note	249.983	0.261719	69	127
note	250.249	0.261719	71	127
note	249.983	0.527344	44	127
note	250.513	0.261719	73	127
note	250.513	0.527344	49	127
note	250.78	0.261719	74	127
note	251.044	0.261719	66	127
note	249.716	1.85286	68	127
note	251.044	0.527344	37	127
note	251.311	0.261719	65	127
note	251.576	0.261719	54	127
note	251.841	0.261719	55	127
note	252.107	0.261719	57	127
note	251.576	1.05208	66	127
note	252.372	0.264323	59	127
note	252.641	0.261719	60	127
note	252.905	0.261719	62	127
note	253.172	0.261719	52	127
note	253.436	0.261719	51	127
note	252.641	1.59245	78	127
note	251.576	2.65885	69	127
note	254.236	0.529948	76	127
note	254.236	0.529948	72	127
note	254.768	0.529948	71	127
note	254.768	0.529948	75	127
note	255.302	0.529948	78	127
note	255.302	0.529948	75	127
note	253.703	2.39583	55	127
note	256.102	0.261719	47	127
note	256.367	0.261719	49	127
note	256.632	0.261719	50	127
note	256.898	0.261719	52	127
note	257.163	0.261719	54	127
note	257.428	0.261719	47	127
note	257.694	0.261719	46	127
note	255.835	2.65365	79	127
note	255.835	2.65365	76	127
note	258.493	0.529948	78	127
note	258.493	0.529948	74	127
note	259.026	0.529948	77	127
note	259.026	0.529948	73	127
note	259.559	0.529948	77	127
note	259.559	0.529948	80	127
note	257.96	2.66276	47	127
note	260.094	0.529948	73	127
note	260.094	0.77474	78	127
note	260.626	0.261719	74	127
note	260.891	0.261719	76	127
note	260.626	0.527344	46	127
note	261.158	0.261719	74	127
note	261.422	0.261719	76	127
note	261.158	0.527344	47	127
note	261.689	0.261719	71	127
note	261.953	0.261719	69	127
note	261.689	0.527344	50	127
note	262.219	0.261719	67	127
note	261.689	1.05208	78	127
note	262.219	0.529948	52	127
note	262.486	0.264323	69	127
note	262.753	0.261719	76	127
note	263.018	0.261719	74	127
note	262.753	0.527344	43	127
note	263.284	0.261719	73	127
note	262.753	1.05208	71	127
note	263.549	0.264323	74	127
note	263.284	0.529948	45	127
note	263.816	0.261719	69	127
note	264.082	0.261719	67	127
note	263.816	0.527344	49	127
note	264.349	0.261719	66	127
note	263.816	1.05208	76	127
note	264.613	0.264323	67	127
note	264.349	0.529948	50	127
note	264.882	0.261719	74	127
note	265.147	0.261719	73	127
note	264.882	0.527344	42	127
note	265.413	0.261719	71	127
note	264.882	1.05208	69	127
note	265.677	0.264323	73	127
note	265.413	0.529948	43	127
note	265.945	0.261719	67	127
note	265.945	0.527344	47	127
note	266.212	0.261719	66	127
note	266.477	0.261719	64	127
note	265.945	1.05208	74	127
note	266.742	0.264323	66	127
note	266.477	0.529948	49	127
note	267.009	0.261719	73	127
note	267.009	0.527344	40	127
note	267.276	0.261719	71	127
note	267.54	0.261719	70	127
note	267.009	1.05208	67	127
note	267.54	0.529948	42	127
note	267.807	0.264323	71	127
note	268.076	0.261719	66	127
note	268.34	0.261719	64	127
note	268.076	0.527344	46	127
note	268.605	0.261719	62	127
note	268.076	1.05208	73	127
note	268.871	0.264323	64	127
note	268.605	0.529948	47	127
note	269.139	0.527344	71	127
note	269.139	0.529948	50	127
note	269.139	0.529948	59	127
note	269.139	1.05339	66	127
note	269.672	0.523438	52	127
note	269.672	0.529948	55	127
note	270.204	0.261719	64	127
note	270.204	0.527344	55	127
note	270.471	0.261719	62	127
note	270.736	0.261719	60	127
note	270.204	1.05208	83	127
note	270.736	0.529948	57	127
note	271.003	0.264323	62	127
note	271.27	0.261719	81	127
note	271.535	0.261719	79	127
note	271.27	0.527344	60	127
note	271.799	0.261719	78	127
note	271.27	1.05208	64	127
note	271.799	0.529948	62	127
note	272.066	0.264323	79	127
note	272.335	0.261719	62	127
note	272.599	0.261719	60	127
note	272.335	0.527344	54	127
note	272.866	0.261719	59	127
note	272.335	1.05208	81	127
note	273.13	0.264323	60	127
note	272.866	0.529948	55	127
note	273.398	0.261719	79	127
note	273.663	0.261719	78	127
note	273.398	0.527344	59	127
note	273.93	0.261719	76	127
note	273.398	1.05208	62	127
note	274.195	0.264323	78	127
note	273.93	0.529948	60	127
note	274.462	0.261719	60	127
note	274.728	0.261719	59	127
note	274.462	0.527344	52	127
note	274.993	0.261719	57	127
note	274.462	1.05208	79	127
note	275.259	0.264323	59	127
note	274.993	0.529948	54	127
note	275.526	0.261719	78	127
note	275.526	0.527344	57	127
note	275.793	0.261719	76	127
note	276.059	0.261719	75	127
note	275.526	1.05208	60	127
note	276.323	0.264323	76	127
note	276.059	0.529948	59	127
note	276.591	0.261719	59	127
note	276.857	0.261719	57	127
note	276.591	0.527344	51	127
note	276.591	1.05208	78	127
note	277.656	0.261719	76	127
note	277.122	1.05339	52	127
note	277.122	1.05339	55	127
note	277.922	0.264323	75	127
note	277.656	0.529948	59	127
note	278.189	0.261719	76	127
note	278.454	0.261719	78	127
note	278.189	0.527344	55	127
note	278.72	0.261719	64	127
note	278.72	0.261719	79	127
note	278.986	0.261719	63	127
note	278.986	0.261719	83	127
note	278.72	0.527344	52	127
note	279.25	0.261719	63	127
note	279.25	0.52474	81	127
note	279.25	0.527344	60	127
note	279.517	0.261719	64	127
note	279.781	0.261719	66	127
note	279.781	0.52474	79	127
note	279.781	0.527344	59	127
note	280.048	0.261719	67	127
note	280.314	0.261719	69	127
note	280.578	0.261719	67	127
note	280.314	0.527344	64	127
note	280.845	0.261719	69	127
note	280.314	1.05208	78	127
note	281.109	0.264323	71	127
note	280.845	0.529948	63	127
note	281.378	0.261719	72	127
note	281.643	0.261719	69	127
note	281.378	0.527344	57	127
note	281.378	1.05208	76	127
note	281.909	0.529948	56	127
note	281.909	0.77474	71	127
note	282.441	0.527344	65	127
note	282.708	0.261719	69	127
note	282.973	0.261719	68	127
note	282.441	1.05208	74	127
note	283.238	0.264323	66	127
note	282.973	0.529948	64	127
note	283.505	0.261719	64	127
note	283.505	0.527344	59	127
note	283.772	0.261719	67	127
note	284.036	0.261719	66	127
note	283.505	1.05208	73	127
note	284.036	0.529948	58	127
note	284.303	0.264323	70	127
note	284.839	0.261719	73	127
note	284.572	0.529948	67	127
note	285.104	0.261719	74	127
note	285.368	0.261719	76	127
note	285.104	0.527344	66	127
note	285.635	0.261719	74	127
note	285.635	0.527344	65	127
note	284.572	1.59245	71	127
note	286.167	0.261719	71	127
note	285.9	0.773438	73	127
note	286.432	0.261719	70	127
note	286.167	0.527344	66	127
note	286.965	0.261719	69	127
note	286.697	0.529948	62	127
note	287.23	0.261719	67	127
note	287.496	0.261719	66	127
note	287.23	0.527344	59	127
note	286.697	1.33073	71	127
note	288.029	0.261719	73	127
note	288.296	0.261719	74	127
note	288.56	0.261719	76	127
note	288.827	0.261719	78	127
note	289.091	0.261719	79	127
note	289.357	0.261719	71	127
note	289.622	0.261719	70	127
note	287.76	2.1237	61	127
note	287.76	2.1237	64	127
note	290.155	0.261719	66	127
note	290.422	0.261719	68	127
note	290.686	0.261719	70	127
note	290.952	0.261719	71	127
note	291.219	0.261719	73	127
note	291.483	0.261719	66	127
note	289.888	1.98568	59	127
note	291.749	0.261719	65	127
note	289.888	2.1237	74	127
note	292.283	0.261719	61	127
note	292.547	0.261719	63	127
note	292.814	0.261719	65	127
note	293.078	0.261719	66	127
note	293.344	0.261719	68	127
note	292.014	1.59245	73	127
note	293.611	0.261719	61	127
note	293.875	0.261719	60	127
note	293.611	0.527344	75	127
note	292.014	2.1237	69	127
note	294.142	0.261719	61	127
note	294.406	0.261719	59	127
note	294.142	0.527344	68	127
note	294.672	0.261719	57	127
note	294.142	1.05208	77	127
note	294.938	0.264323	56	127
note	294.672	0.529948	73	127
note	295.206	0.261719	54	127
note	295.47	0.261719	56	127
note	295.206	0.527344	69	127
note	295.737	0.261719	57	127
note	296.003	0.261719	61	127
note	295.737	0.527344	66	127
note	295.737	0.773438	78	127
note	296.267	0.261719	59	127
note	296.267	0.52474	74	127
note	296.534	0.261719	56	127
note	296.534	0.261719	77	127
note	296.798	0.261719	57	127
note	296.798	0.261719	78	127
note	296.798	0.52474	73	127
note	297.064	0.261719	61	127
note	297.064	0.261719	81	127
note	297.329	0.261719	62	127
note	297.595	0.261719	59	127
note	297.329	0.527344	78	127
note	297.861	0.261719	61	127
note	297.329	1.05208	80	127
note	298.126	0.264323	65	127
note	297.861	0.529948	77	127
note	298.395	0.261719	66	127
note	298.659	0.261719	64	127
note	298.395	0.527344	71	127
note	298.926	0.261719	62	127
note	299.19	0.261719	61	127
note	298.926	0.527344	70	127
note	298.926	0.527344	78	127
note	299.457	0.261719	59	127
note	299.721	0.261719	61	127
note	299.457	0.527344	74	127
note	299.987	0.261719	62	127
note	300.253	0.261719	66	127
note	299.987	0.773438	71	127
note	300.518	0.261719	64	127
note	300.518	0.52474	79	127
note	300.784	0.261719	61	127
note	300.784	0.261719	70	127
note	301.049	0.261719	62	127
note	301.049	0.261719	71	127
note	301.049	0.52474	78	127
note	301.314	0.261719	66	127
note	301.314	0.261719	74	127
note	301.581	0.261719	67	127
note	301.846	0.261719	64	127
note	301.581	0.527344	83	127
note	302.111	0.261719	66	127
note	302.111	0.527344	82	127
note	302.378	0.261719	70	127
note	302.642	0.261719	71	127
note	302.642	0.527344	76	127
note	302.909	0.261719	69	127
note	301.581	1.58984	73	127
note	303.173	0.261719	67	127
note	303.439	0.261719	66	127
note	303.173	0.527344	75	127
note	303.173	0.527344	71	127
note	303.704	0.261719	64	127
note	303.97	0.261719	62	127
note	303.704	0.527344	76	127
note	304.237	0.261719	64	127
note	304.501	0.261719	61	127
note	304.237	0.527344	70	127
note	303.704	1.32812	79	127
note	305.034	0.261719	78	127
note	305.301	0.261719	80	127
note	305.565	0.261719	82	127
note	305.832	0.261719	83	127
note	306.096	0.261719	79	127
note	306.362	0.261719	78	127
note	306.628	0.261719	77	127
note	304.767	2.38151	71	127
note	307.161	0.261719	70	127
note	304.767	2.65625	62	127
note	307.426	0.261719	71	127
note	306.893	1.05339	78	127
note	307.426	0.529948	61	127
note	307.693	0.264323	73	127
note	307.96	0.261719	74	127
note	308.225	0.261719	76	127
note	307.96	0.527344	59	127
note	308.491	0.261719	69	127
note	308.757	0.261719	68	127
note	308.491	0.527344	62	127
note	307.96	1.32812	77	127
note	309.289	0.261719	76	127
note	309.556	0.261719	78	127
note	309.82	0.261719	80	127
note	310.087	0.261719	81	127
note	310.352	0.261719	83	127
note	310.617	0.261719	76	127
note	310.883	0.261719	75	127
note	311.148	0.523438	76	127
note	311.414	0.261719	66	127
note	309.022	2.65365	60	127
note	309.022	2.65625	69	127
note	311.68	0.527344	67	127
note	311.948	0.261719	69	127
note	311.68	0.529948	52	127
note	311.68	0.529948	59	127
note	312.212	0.261719	71	127
note	312.212	0.527344	50	127
note	312.479	0.261719	73	127
note	312.743	0.261719	74	127
note	312.212	1.05208	66	127
note	313.009	0.264323	78	127
note	312.743	0.529948	47	127
note	312.743	0.77474	59	127
note	313.277	0.261719	76	127
note	313.277	0.52474	55	127
note	313.543	0.261719	58	127
note	313.543	0.261719	73	127
note	313.809	0.261719	59	127
note	313.809	0.261719	74	127
note	313.809	0.52474	54	127
note	314.074	0.261719	62	127
note	314.074	0.261719	78	127
note	314.34	0.261719	79	127
note	314.604	0.261719	76	127
note	314.34	0.527344	59	127
note	314.871	0.261719	78	127
note	314.34	1.05208	61	127
note	315.135	0.264323	82	127
note	314.871	0.529948	58	127
note	315.672	0.261719	78	127
note	315.404	0.529948	52	127
note	315.936	0.261719	81	127
note	315.404	1.05339	54	127
note	315.404	1.05339	83	127
note	315.936	0.529948	51	127
note	316.203	0.264323	79	127
note	316.47	0.261719	78	127
note	316.736	0.261719	76	127
note	316.47	0.527344	60	127
note	317.001	0.261719	75	127
note	316.47	1.05208	81	127
note	317.267	0.264323	73	127
note	317.001	0.529948	59	127
note	317.535	0.261719	71	127
note	317.799	0.261719	74	127
note	317.535	0.527344	54	127
note	318.066	0.261719	73	127
note	317.535	1.05208	80	127
note	318.331	0.264323	71	127
note	318.066	0.529948	53	127
note	318.599	0.261719	69	127
note	318.865	0.261719	68	127
note	318.599	0.527344	62	127
note	319.13	0.261719	69	127
note	319.395	0.261719	66	127
note	319.13	0.527344	61	127
note	318.599	1.32812	78	127
note	319.93	0.261719	77	127
note	319.661	0.529948	60	127
note	320.194	0.261719	78	127
note	319.661	1.05339	68	127
note	320.46	0.264323	77	127
note	320.194	0.529948	61	127
note	320.995	0.261719	76	127
note	320.727	0.529948	57	127
note	321.262	0.261719	74	127
note	321.526	0.261719	73	127
note	321.262	0.527344	54	127
note	321.793	0.261719	71	127
note	320.727	1.32812	78	127
note	322.057	0.261719	69	127
note	322.323	0.261719	71	127
note	322.323	0.261719	68	127
note	322.589	0.261719	69	127
note	322.589	0.261719	73	127
note	322.854	0.261719	74	127
note	323.12	0.261719	76	127
note	323.385	0.261719	66	127
note	323.65	0.261719	65	127
note	321.793	2.12109	56	127
note	323.917	0.261719	54	127
note	324.182	0.261719	52	127
note	323.917	0.527344	66	127
note	322.854	1.58984	71	127
note	324.447	0.261719	50	127
note	324.447	0.527344	78	127
note	324.447	0.527344	70	127
note	324.714	0.261719	49	127
note	324.978	0.261719	47	127
note	324.978	0.527344	74	127
note	325.245	0.261719	49	127
note	325.509	0.261719	50	127
note	325.775	0.261719	54	127
note	325.509	0.773438	71	127
note	326.04	0.261719	52	127
note	326.04	0.52474	79	127
note	326.306	0.261719	49	127
note	326.306	0.261719	70	127
note	326.572	0.261719	50	127
note	326.572	0.261719	71	127
note	326.572	0.52474	78	127
note	326.837	0.261719	54	127
note	326.837	0.261719	74	127
note	327.103	0.261719	55	127
note	327.368	0.261719	52	127
note	327.103	0.527344	83	127
note	327.634	0.261719	54	127
note	327.103	1.05208	73	127
note	327.9	0.264323	58	127
note	327.634	0.529948	82	127
note	328.168	0.261719	59	127
note	328.432	0.261719	57	127
note	328.168	0.527344	76	127
note	328.698	0.261719	55	127
note	328.964	0.261719	54	127
note	328.698	0.527344	71	127
note	328.698	0.527344	75	127
note	329.229	0.261719	52	127
note	329.495	0.261719	54	127
note	329.229	0.527344	67	127
note	329.76	0.261719	55	127
note	330.026	0.261719	59	127
note	329.76	0.527344	64	127
note	329.76	0.773438	76	127
note	330.292	0.261719	57	127
note	330.292	0.261719	72	127
note	330.557	0.261719	54	127
note	330.557	0.261719	75	127
note	330.822	0.261719	55	127
note	330.822	0.261719	76	127
note	330.822	0.52474	71	127
note	331.089	0.261719	59	127
note	331.089	0.261719	79	127
note	331.353	0.261719	60	127
note	331.353	0.527344	76	127
note	331.62	0.261719	57	127
note	331.884	0.261719	59	127
note	331.353	1.05208	78	127
note	332.15	0.264323	63	127
note	331.884	0.529948	75	127
note	332.418	0.261719	76	127
note	332.418	0.52474	69	127
note	332.684	0.261719	74	127
note	332.418	0.527344	64	127
note	332.949	0.261719	73	127
note	332.949	0.52474	68	127
note	333.215	0.261719	71	127
note	332.949	0.527344	52	127
note	333.747	0.261719	71	127
note	333.48	0.529948	49	127
note	334.013	0.261719	73	127
note	334.013	0.527344	45	127
note	334.28	0.261719	76	127
note	334.544	0.261719	74	127
note	334.81	0.261719	71	127
note	334.544	0.527344	54	127
note	333.48	1.59245	69	127
note	335.076	0.261719	73	127
note	335.076	0.52474	68	127
note	335.341	0.261719	76	127
note	335.076	0.527344	52	127
note	335.607	0.261719	78	127
note	335.607	0.52474	73	127
note	335.872	0.261719	74	127
note	335.607	0.527344	57	127
note	336.137	0.261719	76	127
note	336.137	0.52474	71	127
note	336.137	0.527344	56	127
note	336.404	0.261719	80	127
note	336.668	0.261719	81	127
note	336.668	0.52474	76	127
note	336.668	0.527344	50	127
note	336.935	0.261719	79	127
note	337.199	0.261719	78	127
note	337.465	0.261719	76	127
note	337.199	0.527344	49	127
note	337.199	0.527344	57	127
note	337.732	0.261719	74	127
note	337.996	0.261719	73	127
note	337.732	0.527344	50	127
note	337.732	0.527344	54	127
note	338.263	0.261719	71	127
note	338.263	0.52474	66	127
note	338.527	0.261719	69	127
note	338.793	0.261719	67	127
note	339.059	0.261719	64	127
note	338.793	0.527344	59	127
note	339.324	0.261719	66	127
note	338.793	1.05208	62	127
note	339.589	0.264323	69	127
note	339.324	0.529948	57	127
note	339.857	0.261719	71	127
note	339.857	0.527344	62	127
note	340.124	0.261719	67	127
note	340.388	0.261719	69	127
note	340.388	0.52474	67	127
note	340.388	0.527344	61	127
note	340.655	0.261719	73	127
note	340.919	0.261719	74	127
note	340.919	0.52474	69	127
note	341.185	0.261719	76	127
note	340.919	0.527344	55	127
note	338.263	3.18359	50	127
note	341.451	0.527344	74	127
note	341.719	0.261719	76	127
note	341.451	0.529948	54	127
note	341.983	0.261719	78	127
note	341.983	0.527344	63	127
note	342.25	0.261719	79	127
note	342.516	0.261719	81	127
note	341.983	1.05208	72	127
note	342.78	0.264323	78	127
note	342.516	0.529948	62	127
note	343.048	0.261719	74	127
note	343.314	0.261719	77	127
note	343.048	0.527344	57	127
note	343.579	0.261719	76	127
note	343.048	1.05208	71	127
note	343.844	0.264323	74	127
note	343.579	0.529948	56	127
note	344.112	0.261719	72	127
note	344.112	0.527344	65	127
note	344.379	0.261719	71	127
note	344.643	0.261719	72	127
note	344.643	0.527344	64	127
note	344.91	0.261719	74	127
note	345.174	0.261719	72	127
note	345.174	0.527344	63	127
note	344.112	1.58984	69	127
note	345.706	0.261719	69	127
note	345.44	0.773438	71	127
note	345.971	0.261719	68	127
note	345.706	0.527344	64	127
note	346.505	0.261719	67	127
note	346.237	0.529948	61	127
note	346.771	0.261719	66	127
note	347.035	0.261719	64	127
note	346.771	0.527344	57	127
note	347.302	0.268229	62	127
note	347.302	0.527344	59	127
note	347.569	0.261719	61	127
note	346.237	1.59375	69	127
note	347.835	0.261719	74	127
note	348.1	0.261719	61	127
note	348.1	0.261719	76	127
note	348.366	0.261719	78	127
note	348.63	0.261719	79	127
note	348.897	0.261719	69	127
note	348.366	1.05208	62	127
note	349.163	0.264323	68	127
note	349.43	0.261719	76	127
note	349.695	0.261719	78	127
note	347.835	2.125	59	127
note	349.961	0.261719	67	127
note	349.43	1.05208	61	127
note	350.227	0.264323	66	127
note	350.493	0.261719	74	127
note	350.76	0.261719	76	127
note	349.961	1.0612	57	127
note	351.026	0.261719	66	127
note	350.493	1.05208	59	127
note	351.29	0.264323	64	127
note	351.559	0.261719	73	127
note	351.824	0.261719	71	127
note	351.026	1.0612	55	127
note	352.09	0.261719	73	127
note	352.355	0.261719	74	127
note	352.09	0.527344	50	127
note	352.09	0.527344	54	127
note	352.621	0.261719	76	127
note	352.885	0.261719	78	127
note	352.621	0.527344	49	127
note	352.621	0.527344	52	127
note	353.152	0.261719	79	127
note	353.417	0.261719	76	127
note	353.152	0.527344	49	127
note	353.152	0.527344	45	127
note	351.559	2.12109	57	127
note	353.951	0.261719	79	127
note	353.682	0.529948	54	127
note	354.216	0.261719	78	127
note	354.482	0.261719	76	127
note	354.216	0.527344	50	127
note	354.747	0.261719	74	127
note	355.013	0.261719	72	127
note	354.747	0.527344	55	127
note	355.277	0.261719	71	127
note	355.277	0.527344	54	127
note	355.544	0.261719	72	127
note	353.682	2.1237	81	127
note	355.809	0.261719	74	127
note	355.809	0.527344	48	127
note	356.076	0.261719	76	127
note	356.341	0.261719	74	127
note	355.809	1.05208	79	127
note	356.605	0.264323	72	127
note	356.341	0.529948	47	127
note	356.874	0.261719	71	127
note	357.139	0.261719	73	127
note	356.874	0.527344	57	127
note	357.405	0.261719	74	127
note	356.874	1.05208	77	127
note	357.669	0.264323	71	127
note	357.405	0.529948	56	127
note	357.938	0.261719	67	127
note	357.938	0.527344	50	127
note	358.204	0.261719	70	127
note	358.469	0.261719	69	127
note	357.938	1.05208	76	127
note	358.469	0.529948	49	127
note	358.736	0.264323	67	127
note	359.003	0.261719	65	127
note	359.268	0.261719	64	127
note	359.003	0.527344	58	127
note	359.533	0.261719	65	127
note	359.533	0.527344	57	127
note	359.799	0.261719	62	127
note	359.003	1.32812	74	127
note	360.332	0.261719	73	127
note	360.064	0.529948	56	127
note	360.599	0.261719	74	127
note	360.064	1.05339	64	127
note	360.863	0.264323	73	127
note	360.599	0.529948	57	127
note	361.398	0.261719	72	127
note	361.132	0.529948	54	127
note	361.664	0.261719	71	127
note	361.664	0.527344	50	127
note	361.931	0.261719	69	127
note	362.195	0.261719	67	127
note	361.132	1.32812	74	127
note	362.461	0.261719	66	127
note	362.461	0.261719	76	127
note	362.727	0.261719	64	127
note	362.727	0.261719	78	127
note	362.992	0.261719	62	127
note	362.992	0.261719	79	127
note	363.258	0.261719	61	127
note	363.258	0.261719	81	127
note	363.523	0.261719	59	127
note	363.523	0.261719	83	127
note	363.788	0.261719	57	127
note	363.788	0.261719	74	127
note	364.055	0.261719	55	127
note	364.055	0.261719	73	127
note	362.195	2.12109	52	127
note	364.319	0.261719	54	127
note	364.586	0.261719	57	127
note	364.852	0.261719	59	127
note	364.319	1.05208	50	127
note	365.116	0.264323	61	127
note	365.384	0.261719	62	127
note	365.65	0.261719	64	127
note	365.915	0.261719	57	127
note	365.915	0.52474	47	127
note	366.181	0.261719	56	127
note	366.715	0.261719	64	127
note	366.979	0.261719	66	127
note	366.447	1.05339	45	127
note	364.319	3.1875	74	127
note	367.246	0.264323	67	127
note	367.513	0.261719	69	127
note	367.513	0.52474	73	127
note	367.779	0.261719	71	127
note	368.043	0.261719	64	127
note	368.043	0.52474	54	127
note	368.31	0.261719	63	127
note	366.447	2.125	57	127
note	368.043	0.773438	78	127
note	368.574	0.527344	59	127
note	368.841	0.261719	71	127
note	369.107	0.261719	58	127
note	369.107	0.261719	73	127
note	368.574	1.05208	52	127
note	369.371	0.264323	59	127
note	369.371	0.264323	74	127
note	369.639	0.261719	76	127
note	369.905	0.261719	78	127
note	369.639	0.527344	61	127
note	370.171	0.261719	71	127
note	370.436	0.261719	70	127
note	370.171	0.527344	49	127
note	370.171	0.527344	52	127
note	370.702	0.261719	47	127
note	370.702	0.261719	59	127
note	370.966	0.261719	42	127
note	368.574	2.65625	67	127
note	371.233	0.261719	44	127
note	370.702	1.05208	74	127
note	371.497	0.264323	45	127
note	371.233	0.529948	66	127
note	371.766	0.261719	47	127
note	372.031	0.261719	49	127
note	371.766	0.527344	73	127
note	371.766	0.527344	65	127
note	372.297	0.261719	42	127
note	372.562	0.261719	41	127
note	372.297	0.527344	71	127
note	372.297	0.773438	68	127
note	373.094	0.261719	49	127
note	373.094	0.261719	65	127
note	373.358	0.261719	51	127
note	373.358	0.261719	66	127
note	373.625	0.261719	53	127
note	373.625	0.261719	68	127
note	373.889	0.261719	54	127
note	373.889	0.261719	69	127
note	374.156	0.261719	56	127
note	374.156	0.261719	71	127
note	374.422	0.261719	57	127
note	374.422	0.261719	62	127
note	374.686	0.261719	53	127
note	374.686	0.261719	61	127
note	372.828	2.12109	73	127
note	375.22	0.261719	66	127
note	375.486	0.261719	68	127
note	374.953	1.05339	63	127
note	372.828	3.1849	45	127
note	375.751	0.264323	69	127
note	374.953	1.0638	54	127
note	376.018	0.261719	71	127
note	376.018	0.52474	65	127
note	376.285	0.261719	73	127
note	376.549	0.261719	66	127
note	376.549	0.52474	68	127
note	376.018	1.05859	44	127
note	376.018	1.05859	56	127
note	376.816	0.261719	65	127
note	377.349	0.261719	68	127
note	377.081	0.529948	42	127
note	377.613	0.261719	66	127
note	377.081	1.05339	69	127
note	377.613	0.529948	61	127
note	377.88	0.264323	65	127
note	378.148	0.261719	66	127
note	378.413	0.261719	68	127
note	378.148	0.527344	57	127
note	378.68	0.261719	69	127
note	378.944	0.261719	73	127
note	378.68	0.527344	54	127
note	379.21	0.261719	71	127
note	379.475	0.261719	68	127
note	379.21	0.527344	62	127
note	379.741	0.261719	69	127
note	380.007	0.261719	73	127
note	379.741	0.527344	61	127
note	380.272	0.261719	71	127
note	380.536	0.261719	74	127
note	380.272	0.527344	66	127
note	380.803	0.261719	73	127
note	380.272	1.05208	80	127
note	381.069	0.264323	71	127
note	380.803	0.529948	65	127
note	381.336	0.261719	73	127
note	381.602	0.261719	74	127
note	381.336	0.527344	59	127
note	381.867	0.261719	76	127
note	381.336	1.05208	78	127
note	382.133	0.264323	74	127
note	381.867	0.529948	58	127
note	382.4	0.261719	73	127
note	382.4	0.527344	67	127
note	382.667	0.261719	71	127
note	382.932	0.261719	70	127
note	382.4	1.05208	76	127
note	383.197	0.264323	68	127
note	382.932	0.529948	66	127
note	383.465	0.261719	66	127
note	383.73	0.261719	69	127
note	383.465	0.527344	61	127
note	383.996	0.261719	68	127
note	383.465	1.05208	75	127
note	384.262	0.264323	72	127
note	383.996	0.529948	60	127
note	384.797	0.261719	75	127
note	384.53	0.529948	69	127
note	385.062	0.261719	76	127
note	385.328	0.261719	78	127
note	385.062	0.527344	68	127
note	385.594	0.261719	76	127
note	385.859	0.261719	75	127
note	385.594	0.527344	67	127
note	384.53	1.59245	73	127
note	386.124	0.261719	73	127
note	386.392	0.261719	72	127
note	386.124	0.529948	68	127
note	386.659	0.261719	68	127
note	386.923	0.261719	71	127
note	386.659	0.527344	64	127
note	387.19	0.261719	69	127
note	387.454	0.261719	68	127
note	387.19	0.527344	61	127
note	386.659	1.32812	73	127
note	387.987	0.261719	75	127
note	388.254	0.261719	76	127
note	388.518	0.261719	78	127
note	388.785	0.261719	80	127
note	389.051	0.261719	81	127
note	389.315	0.261719	73	127
note	389.582	0.261719	72	127
note	387.72	2.1237	66	127
note	387.72	2.38802	63	127
note	390.112	0.261719	56	127
note	390.378	0.261719	58	127
note	390.643	0.261719	60	127
note	390.909	0.261719	61	127
note	391.174	0.261719	63	127
note	391.439	0.261719	54	127
note	391.706	0.261719	52	127
note	389.846	2.38542	76	127
note	389.846	2.38542	68	127
note	392.237	0.261719	61	127
note	392.237	0.261719	76	127
note	392.503	0.261719	63	127
note	392.503	0.261719	78	127
note	391.97	1.05208	54	127
note	392.767	0.264323	64	127
note	392.767	0.264323	80	127
note	393.035	0.261719	81	127
note	393.035	0.261719	66	127
note	393.301	0.261719	68	127
note	393.301	0.261719	83	127
note	393.566	0.261719	69	127
note	393.566	0.261719	75	127
note	393.832	0.261719	73	127
note	393.832	0.261719	71	127
note	394.098	0.261719	69	127
note	394.362	0.261719	66	127
note	394.629	0.261719	68	127
note	394.098	1.05208	75	127
note	394.895	0.264323	69	127
note	394.629	0.529948	47	127
note	395.161	0.261719	71	127
note	395.427	0.261719	73	127
note	395.161	0.527344	44	127
note	395.693	0.261719	75	127
note	395.958	0.261719	76	127
note	395.693	0.527344	40	127
note	396.224	0.261719	78	127
note	396.49	0.261719	75	127
note	396.224	0.527344	49	127
note	396.754	0.261719	76	127
note	396.754	0.527344	47	127
note	397.021	0.261719	80	127
note	397.553	0.261719	73	127
note	397.286	0.529948	52	127
note	397.82	0.261719	71	127
note	397.286	1.05339	78	127
note	398.085	0.264323	69	127
note	397.82	0.529948	51	127
note	398.353	0.261719	71	127
note	398.617	0.261719	73	127
note	398.353	0.527344	45	127
note	398.884	0.261719	74	127
note	398.353	1.05208	76	127
note	399.15	0.264323	73	127
note	398.884	0.529948	44	127
note	399.417	0.261719	71	127
note	399.682	0.261719	69	127
note	399.417	0.527344	53	127
note	399.948	0.261719	68	127
note	399.417	1.05208	74	127
note	400.214	0.264323	66	127
note	399.948	0.529948	52	127
note	400.48	0.261719	64	127
note	400.48	0.527344	47	127
note	400.747	0.261719	67	127
note	401.013	0.261719	66	127
note	400.48	1.05208	73	127
note	401.277	0.264323	64	127
note	401.013	0.529948	46	127
note	401.546	0.261719	62	127
note	401.811	0.261719	61	127
note	401.546	0.527344	55	127
note	402.077	0.261719	62	127
note	402.342	0.261719	59	127
note	402.077	0.527344	54	127
note	401.546	1.32812	71	127
note	402.876	0.261719	70	127
note	402.608	0.529948	53	127
note	403.141	0.261719	71	127
note	402.608	1.05339	61	127
note	403.141	0.529948	54	127
note	403.408	0.264323	70	127
note	403.943	0.261719	69	127
note	403.674	0.529948	50	127
note	404.207	0.261719	67	127
note	404.473	0.261719	66	127
note	404.207	0.527344	47	127
note	403.674	1.33073	71	127
note	405.007	0.261719	73	127
note	405.272	0.261719	74	127
note	404.74	1.05339	64	127
note	405.538	0.264323	76	127
note	405.806	0.261719	78	127
note	406.07	0.261719	79	127
note	406.336	0.261719	71	127
note	406.603	0.261719	70	127
note	404.74	2.125	49	127
note	406.336	0.773438	73	127
note	406.867	0.527344	47	127
note	407.134	0.261719	73	127
note	407.398	0.261719	71	127
note	407.664	0.261719	70	127
note	407.398	0.527344	66	127
note	406.867	1.32812	74	127
note	408.198	0.261719	73	127
note	407.93	0.529948	62	127
note	408.462	0.261719	74	127
note	407.93	1.05339	71	127
note	408.728	0.264323	73	127
note	408.462	0.529948	59	127
note	408.996	0.261719	76	127
note	408.996	0.52474	73	127
note	409.262	0.261719	74	127
note	408.996	0.527344	67	127
note	409.527	0.261719	78	127
note	409.527	0.52474	74	127
note	409.793	0.261719	76	127
note	409.527	0.527344	66	127
note	410.326	0.261719	76	127
note	410.059	0.529948	71	127
note	410.591	0.261719	74	127
note	410.591	0.527344	70	127
note	410.858	0.261719	73	127
note	411.122	0.261719	71	127
note	411.122	0.527344	64	127
note	411.389	0.261719	70	127
note	410.059	1.86458	79	127
note	411.654	0.527344	71	127
note	411.922	0.261719	78	127
note	411.654	0.529948	63	127
note	412.454	0.261719	78	127
note	412.186	0.529948	72	127
note	412.721	0.261719	76	127
note	412.986	0.261719	75	127
note	412.721	0.527344	71	127
note	413.251	0.261719	73	127
note	413.517	0.261719	72	127
note	413.251	0.527344	66	127
note	412.186	1.86458	81	127
note	413.783	0.527344	73	127
note	414.049	0.261719	80	127
note	413.783	0.529948	65	127
note	414.316	0.527344	83	127
note	414.316	0.529948	74	127
note	414.585	0.52474	80	127
note	414.849	0.527344	81	127
note	414.849	0.529948	73	127
note	415.117	0.52474	78	127
note	415.65	0.261719	78	127
note	415.382	0.529948	72	127
note	415.382	0.77474	80	127
note	415.915	0.261719	77	127
note	415.915	0.527344	73	127
note	416.181	0.52474	80	127
note	416.714	0.261719	77	127
note	416.445	0.529948	69	127
note	416.445	0.77474	73	127
note	417.245	0.261719	74	127
note	416.98	0.527344	66	127
note	416.98	0.773438	78	127
note	417.776	0.261719	78	127
note	418.042	0.261719	80	127
note	418.307	0.261719	81	127
note	418.573	0.261719	83	127
note	418.839	0.261719	80	127
note	419.104	0.261719	78	127
note	419.37	0.261719	77	127
note	417.512	2.12109	71	127
note	417.512	2.38542	68	127
note	419.901	0.261719	61	127
note	420.167	0.261719	63	127
note	420.432	0.261719	65	127
note	420.697	0.261719	66	127
note	420.964	0.261719	68	127
note	421.228	0.261719	59	127
note	421.493	0.261719	57	127
note	419.635	2.40755	73	127
note	422.027	0.264323	66	127
note	422.296	0.261719	67	127
note	422.56	0.261719	69	127
note	422.827	0.261719	71	127
note	423.091	0.261719	72	127
note	423.357	0.261719	64	127
note	423.622	0.261719	63	127
note	419.635	4.51302	81	127
note	424.156	0.261719	78	127
note	424.422	0.261719	79	127
note	424.688	0.261719	81	127
note	424.952	0.261719	83	127
note	425.219	0.261719	84	127
note	425.483	0.261719	78	127
note	421.759	4.23828	59	127
note	425.749	0.261719	76	127
note	423.888	2.38151	64	127
note	426.014	0.527344	58	127
note	426.283	0.261719	64	127
note	426.548	0.261719	62	127
note	426.548	0.52474	54	127
note	426.814	0.261719	61	127
note	426.014	1.32552	78	127
note	427.344	0.261719	78	127
note	427.079	0.527344	59	127
note	427.079	0.527344	62	127
note	427.611	0.261719	74	127
note	427.875	0.261719	71	127
note	427.611	0.527344	62	127
note	428.142	0.261719	79	127
note	428.406	0.261719	81	127
note	428.142	0.527344	64	127
note	428.672	0.261719	76	127
note	428.672	0.527344	67	127
note	428.939	0.261719	74	127
note	429.203	0.261719	73	127
note	428.672	1.05208	83	127
note	429.203	0.529948	69	127
note	429.47	0.264323	74	127
note	429.737	0.261719	81	127
note	430.003	0.261719	79	127
note	429.737	0.527344	61	127
note	430.267	0.261719	78	127
note	429.737	1.05208	76	127
note	430.267	0.529948	62	127
note	430.534	0.264323	79	127
note	430.802	0.261719	74	127
note	431.066	0.261719	73	127
note	430.802	0.527344	66	127
note	431.332	0.261719	71	127
note	430.802	1.05208	81	127
note	431.598	0.264323	73	127
note	431.332	0.529948	67	127
note	431.866	0.261719	79	127
note	432.13	0.261719	78	127
note	431.866	0.527344	59	127
note	432.397	0.261719	76	127
note	431.866	1.05208	74	127
note	432.661	0.264323	78	127
note	432.397	0.529948	61	127
note	432.93	0.261719	73	127
note	433.195	0.261719	71	127
note	432.93	0.527344	64	127
note	433.461	0.261719	70	127
note	432.93	1.05208	79	127
note	433.727	0.264323	71	127
note	433.461	0.529948	66	127
note	433.993	0.261719	78	127
note	434.259	0.261719	76	127
note	433.993	0.527344	58	127
note	434.525	0.261719	59	127
note	434.79	0.261719	54	127
note	435.059	0.261719	56	127
note	435.324	0.261719	58	127
note	433.993	1.59245	73	127
note	435.59	0.261719	59	127
note	434.525	1.32812	74	127
note	435.59	0.52474	71	127
note	435.854	0.261719	60	127
note	435.854	0.261719	76	127
note	436.121	0.261719	52	127
note	436.385	0.261719	51	127
note	436.121	0.527344	69	127
note	436.652	0.261719	67	127
note	436.121	1.05208	78	127
note	436.917	0.264323	69	127
note	436.652	0.529948	52	127
note	437.185	0.261719	76	127
note	437.451	0.261719	74	127
note	437.185	0.527344	55	127
note	437.716	0.261719	73	127
note	437.185	1.05208	71	127
note	437.982	0.264323	74	127
note	437.716	0.529948	57	127
note	438.249	0.261719	69	127
note	438.249	0.527344	61	127
note	438.516	0.261719	67	127
note	438.78	0.261719	66	127
note	438.249	1.05208	76	127
note	439.046	0.264323	67	127
note	438.78	0.529948	62	127
note	439.314	0.261719	74	127
note	439.579	0.261719	73	127
note	439.314	0.527344	54	127
note	439.845	0.261719	71	127
note	439.314	1.05208	69	127
note	440.109	0.264323	73	127
note	439.845	0.529948	55	127
note	440.378	0.261719	67	127
note	440.643	0.261719	66	127
note	440.378	0.527344	59	127
note	440.909	0.261719	64	127
note	440.378	1.05208	74	127
note	441.174	0.264323	66	127
note	440.909	0.529948	61	127
note	441.443	0.261719	73	127
note	441.708	0.261719	71	127
note	441.443	0.527344	52	127
note	441.973	0.261719	70	127
note	441.443	1.05208	67	127
note	441.973	0.529948	54	127
note	442.24	0.264323	71	127
note	442.507	0.261719	66	127
note	442.772	0.261719	64	127
note	442.507	0.527344	58	127
note	442.507	0.777344	73	127
note	443.307	0.265625	66	127
note	443.036	0.536458	59	127
note	443.578	0.265625	68	127
note	443.036	1.06901	62	127
note	443.848	0.268229	70	127
note	443.578	0.539062	54	127
note	444.392	0.265625	73	127
note	444.118	0.539062	50	127
note	444.661	0.265625	74	127
note	444.932	0.265625	78	127
note	444.661	0.536458	47	127
note	445.201	0.265625	76	127
note	445.471	0.265625	73	127
note	445.201	0.536458	55	127
note	444.118	1.61849	71	127
note	445.741	0.265625	74	127
note	445.741	0.533854	70	127
note	446.012	0.265625	78	127
note	445.741	0.536458	54	127
note	446.281	0.265625	79	127
note	446.281	0.533854	74	127
note	446.551	0.265625	76	127
note	446.281	0.536458	59	127
note	446.822	0.265625	78	127
note	446.822	0.533854	73	127
note	447.091	0.265625	82	127
note	446.822	0.536458	58	127
note	447.361	0.265625	83	127
note	447.361	0.533854	78	127
note	447.63	0.265625	81	127
note	447.361	0.536458	52	127
note	447.901	0.265625	79	127
note	448.172	0.265625	78	127
note	447.901	0.536458	51	127
note	447.901	0.536458	47	127
note	448.44	0.265625	76	127
note	448.711	0.265625	74	127
note	448.44	0.536458	43	127
note	448.98	0.265625	72	127
note	449.251	0.265625	71	127
note	448.98	0.536458	40	127
note	449.52	0.265625	69	127
note	449.79	0.265625	66	127
note	449.52	0.536458	48	127
note	450.06	0.265625	67	127
note	450.329	0.265625	71	127
note	448.44	2.15495	52	127
note	450.06	0.536458	47	127
note	450.6	0.265625	72	127
note	450.87	0.265625	69	127
note	450.6	0.536458	52	127
note	450.6	1.07161	54	127
note	451.411	0.268229	75	127
note	451.141	0.540365	51	127
note	451.141	0.790365	71	127
note	451.954	0.265625	73	127
note	451.684	0.536458	45	127
note	452.224	0.265625	71	127
note	451.684	1.06901	52	127
note	451.684	1.06901	76	127
note	452.495	0.268229	69	127
note	452.224	0.539062	44	127
note	452.766	0.536458	53	127
note	453.038	0.265625	59	127
note	453.309	0.265625	61	127
note	453.309	0.533854	52	127
note	453.578	0.265625	62	127
note	452.766	1.07812	68	127
note	452.766	1.07812	74	127
note	454.12	0.265625	67	127
note	453.848	0.539062	47	127
note	453.848	0.789062	64	127
note	453.848	1.07161	73	127
note	454.391	0.536458	46	127
note	454.66	0.268229	64	127
note	454.391	0.789062	66	127
note	454.931	0.265625	62	127
note	454.931	0.533854	55	127
note	455.202	0.265625	61	127
note	455.202	0.265625	64	127
note	455.471	0.265625	59	127
note	455.471	0.265625	62	127
note	455.471	0.533854	54	127
note	455.742	0.265625	57	127
note	455.742	0.265625	64	127
note	454.931	1.35026	71	127
note	456.284	0.265625	70	127
note	456.012	0.539062	53	127
note	456.012	0.539062	56	127
note	456.553	0.265625	71	127
note	456.012	1.07161	61	127
note	456.824	0.268229	70	127
note	456.553	0.789062	54	127
note	457.096	0.533854	50	127
note	457.366	0.265625	57	127
note	457.366	0.265625	66	127
note	457.635	0.265625	55	127
note	457.635	0.265625	64	127
note	457.635	0.533854	47	127
note	457.906	0.265625	54	127
note	457.906	0.265625	62	127
note	457.096	1.35417	71	127
note	458.453	0.270833	73	127
note	458.725	0.270833	74	127
note	459	0.270833	76	127
note	459.275	0.270833	78	127
note	459.549	0.270833	79	127
note	459.823	0.270833	71	127
note	460.098	0.270833	70	127
note	458.174	2.19401	52	127
note	458.174	2.19401	49	127
note	458.174	2.19401	61	127
note	460.372	0.270833	71	127
note	460.647	0.270833	74	127
note	460.921	0.270833	76	127
note	461.195	0.270833	78	127
note	461.47	0.270833	79	127
note	460.372	1.36979	54	127
note	460.372	1.36979	50	127
note	460.372	1.36979	59	127
note	461.745	0.270833	81	127
note	462.018	0.270833	72	127
note	462.292	0.270833	71	127
note	462.018	0.544271	66	127
note	462.018	0.544271	51	127
note	462.018	0.544271	57	127
note	462.566	0.270833	72	127
note	462.841	0.270833	76	127
note	463.115	0.270833	78	127
note	463.389	0.270833	79	127
note	463.664	0.270833	82	127
note	462.566	1.36979	55	127
note	462.566	1.36979	52	127
note	462.566	1.36979	64	127
note	463.939	0.270833	83	127
note	464.212	0.270833	74	127
note	464.212	0.544271	59	127
note	464.212	0.544271	53	127
note	464.487	0.270833	73	127
note	464.762	0.277344	54	127
note	464.762	0.277344	58	127
note	465.323	0.277344	56	127
note	465.603	0.277344	58	127
note	465.323	0.558594	66	127
note	465.885	0.277344	59	127
note	466.167	0.277344	61	127
note	465.885	0.558594	62	127
note	466.447	0.272135	59	127
note	466.447	0.276042	62	127
note	464.762	2.24089	74	127
note	466.725	0.558594	59	127
note	467.005	0.558594	67	127
note	467.288	0.277344	59	127
note	467.569	0.277344	58	127
note	467.849	0.277344	59	127
note	467.569	0.558594	66	127
note	468.13	0.277344	61	127
note	468.41	0.277344	62	127
note	468.13	0.558594	71	127
note	468.693	0.277344	64	127
note	467.005	2.20833	73	127
note	468.973	0.277344	61	127
note	468.693	0.558594	70	127
note	465.042	4.48177	54	127
note	469.544	0.286458	46	127
note	469.254	0.576823	64	127
note	469.832	0.286458	47	127
note	469.254	1.12109	73	127
note	469.254	1.14583	66	127
note	470.122	0.286458	49	127
note	469.832	0.576823	63	127
note	470.411	0.304688	51	127
note	470.411	0.304688	72	127
note	470.72	0.304688	52	127
note	470.72	0.304688	70	127
note	471.026	0.304688	42	127
note	471.026	0.610677	68	127
note	471.026	0.610677	62	127
note	471.335	0.304688	41	127
note	471.962	0.313802	47	127
note	471.642	0.635417	66	127
note	472.283	0.313802	49	127
note	472.603	0.313802	50	127
note	471.026	1.89062	71	127
note	472.283	0.635417	65	127
note	472.923	0.328125	52	127
note	473.277	0.328125	49	127
note	472.923	1.0638	66	127
note	472.923	1.45182	70	127
note	471.642	2.74609	42	127
note	471.642	2.74609	61	127
note	474.033	0.395833	64	127
note	474.434	5.23307	47	127
note	474.434	5.23307	63	127
note	474.434	5.23307	71	127
note	474.434	5.23307	59	127
note	473.632	6.03516	54	127
