note	0.207031	0.125	74	127
note	0.330729	0.125	76	127
note	0.454427	0.125	78	127
note	0.701823	0.125	78	127
note	0.825521	0.125	76	127
note	0.0833333	0.986979	50	127
note	0.949219	0.125	74	127
note	1.07292	0.125	81	127
note	1.19661	0.125	74	127
note	1.32031	0.125	76	127
note	0.578125	0.986979	62	127
note	0.578125	0.988281	69	127
note	1.44401	0.125	78	127
note	1.69141	0.125	78	127
note	1.8151	0.125	76	127
note	1.56771	0.492188	62	127
note	1.56771	0.492188	69	127
note	1.07292	0.986979	54	127
note	1.9388	0.125	74	127
note	2.0625	0.125	79	127
note	2.1862	0.125	76	127
note	2.3099	0.125	78	127
note	2.43359	0.125	79	127
note	2.68229	0.125	74	127
note	2.55729	0.369792	71	127
note	2.80599	0.125	73	127
note	2.0625	0.986979	52	127
note	2.92969	0.125	71	127
note	3.17708	0.125	76	127
note	3.30078	0.125	78	127
note	2.55729	0.986979	62	127
note	3.05339	0.492188	73	127
note	3.42448	0.125	79	127
note	3.67188	0.125	79	127
note	3.79557	0.125	78	127
note	3.54818	0.492187	61	127
note	3.54818	0.492187	69	127
note	3.05339	0.986979	57	127
note	3.91927	0.125	76	127
note	4.04297	0.125	78	127
note	4.16667	0.125	74	127
note	4.29036	0.125	76	127
note	4.41406	0.125	78	127
note	4.66146	0.125	73	127
note	4.53776	0.369792	69	127
note	4.78516	0.125	71	127
note	4.04297	0.986979	50	127
note	4.90885	0.125	69	127
note	5.15755	0.125	74	127
note	5.28125	0.125	76	127
note	5.03255	0.492188	71	127
note	4.53776	0.986979	62	127
note	5.40495	0.125	78	127
note	5.65234	0.125	81	127
note	5.77604	0.125	80	127
note	5.03255	0.986979	50	127
note	5.52865	0.492188	62	127
note	5.52865	0.492188	71	127
note	5.89974	0.125	78	127
note	6.02344	0.125	80	127
note	6.14714	0.125	76	127
note	6.27083	0.125	78	127
note	6.39453	0.125	80	127
note	6.64193	0.125	74	127
note	6.51823	0.369792	71	127
note	6.76562	0.125	73	127
note	6.02344	0.986979	50	127
note	6.88932	0.125	71	127
note	7.13672	0.125	73	127
note	7.26042	0.125	74	127
note	7.01302	0.492188	69	127
note	6.51823	0.986979	56	127
note	7.38411	0.125	76	127
note	7.63281	0.125	76	127
note	7.75651	0.125	74	127
note	7.50781	0.492188	57	127
note	7.50781	0.492188	66	127
note	7.01302	0.986979	49	127
note	7.88021	0.125	73	127
note	8.00391	0.125	74	127
note	8.1276	0.125	71	127
note	8.2513	0.125	73	127
note	8.375	0.125	74	127
note	8.6224	0.125	69	127
note	8.4987	0.369792	66	127
note	8.74609	0.125	68	127
note	8.00391	0.986979	47	127
note	8.86979	0.125	66	127
note	8.4987	0.515625	57	127
note	9.11719	0.125	71	127
note	9.24089	0.125	73	127
note	8.99349	0.492188	68	127
note	9.36458	0.125	74	127
note	9.61198	0.125	74	127
note	9.73568	0.125	73	127
note	9.48828	0.492188	56	127
note	9.48828	0.492188	64	127
note	8.99349	0.986979	52	127
note	9.85938	0.125	71	127
note	9.98307	0.125	73	127
note	10.1081	0.125	69	127
note	10.2318	0.125	71	127
note	10.3555	0.125	73	127
note	10.6029	0.125	67	127
note	10.4792	0.369792	64	127
note	10.7266	0.125	66	127
note	9.98307	0.986979	45	127
note	10.8503	0.125	64	127
note	11.0977	0.125	69	127
note	11.2214	0.125	71	127
note	10.974	0.492188	66	127
note	10.4792	0.986979	57	127
note	11.3451	0.125	73	127
note	11.5924	0.125	76	127
note	11.7161	0.125	75	127
note	11.4688	0.492188	57	127
note	11.4688	0.492188	66	127
note	10.974	0.986979	45	127
note	11.8398	0.125	73	127
note	11.9635	0.125	75	127
note	12.0872	0.125	71	127
note	12.2109	0.125	73	127
note	12.3346	0.125	75	127
note	12.5833	0.125	69	127
note	12.4583	0.369792	66	127
note	12.707	0.125	67	127
note	12.4583	0.492188	51	127
note	11.9635	0.986979	45	127
note	12.8307	0.125	66	127
note	13.0781	0.125	67	127
note	13.2018	0.125	69	127
note	12.9544	0.492188	64	127
note	13.3255	0.125	71	127
note	13.5729	0.125	74	127
note	13.6966	0.125	73	127
note	13.4492	0.492188	52	127
note	13.4492	0.492188	61	127
note	12.9544	0.986979	43	127
note	13.8203	0.125	71	127
note	13.944	0.125	70	127
note	14.0677	0.125	64	127
note	14.1914	0.125	66	127
note	14.3151	0.125	67	127
note	14.5625	0.125	67	127
note	14.6862	0.125	66	127
note	14.4388	0.492188	61	127
note	13.944	0.986979	42	127
note	14.8099	0.125	64	127
note	15.0573	0.125	71	127
note	15.1823	0.125	73	127
note	14.9336	0.492188	62	127
note	14.4388	0.986979	54	127
note	15.306	0.125	74	127
note	15.5534	0.125	69	127
note	15.4297	0.369792	66	127
note	15.6771	0.125	68	127
note	14.9336	0.986979	42	127
note	15.8008	0.125	66	127
note	15.9245	0.125	65	127
note	16.0482	0.125	68	127
note	16.1719	0.125	69	127
note	15.4297	0.986979	54	127
note	16.2956	0.125	71	127
note	16.543	0.125	74	127
note	16.6667	0.125	73	127
note	16.4193	0.492188	65	127
note	15.9245	0.986979	42	127
note	16.7904	0.125	71	127
note	17.0378	0.125	77	127
note	16.9141	0.369792	80	127
note	17.1615	0.125	78	127
note	16.4193	0.986979	54	127
note	17.2852	0.125	80	127
note	17.5326	0.125	83	127
note	17.6576	0.125	81	127
note	17.4089	0.492188	54	127
note	17.4089	0.492188	73	127
note	16.9141	0.986979	42	127
note	17.7812	0.125	80	127
note	17.9049	0.125	81	127
note	18.0286	0.125	78	127
note	18.1523	0.125	80	127
note	18.276	0.125	81	127
note	18.5234	0.125	76	127
note	18.3997	0.369792	73	127
note	18.6471	0.125	75	127
note	17.9049	0.986979	42	127
note	18.7708	0.125	73	127
note	19.0182	0.125	78	127
note	19.1419	0.125	79	127
note	18.8945	0.492188	75	127
note	18.3997	0.986979	54	127
note	19.2656	0.125	81	127
note	19.513	0.125	81	127
note	19.6367	0.125	79	127
note	19.3893	0.492188	51	127
note	19.3893	0.492188	71	127
note	18.8945	0.986979	47	127
note	19.7604	0.125	78	127
note	19.8841	0.125	79	127
note	20.0078	0.125	76	127
note	20.1328	0.125	78	127
note	20.2565	0.125	79	127
note	20.5039	0.125	74	127
note	20.3802	0.369792	71	127
note	20.6276	0.125	72	127
note	19.8841	0.986979	40	127
note	20.7513	0.125	71	127
note	20.9987	0.125	75	127
note	21.1224	0.125	76	127
note	20.875	0.492188	72	127
note	20.3802	0.986979	52	127
note	21.2461	0.125	78	127
note	21.4935	0.125	72	127
note	21.3698	0.369792	69	127
note	21.6172	0.125	71	127
note	21.3698	0.492188	51	127
note	20.875	0.986979	40	127
note	21.7409	0.125	69	127
note	21.9883	0.125	76	127
note	22.112	0.125	78	127
note	22.2357	0.125	79	127
note	21.8646	0.497396	67	127
note	22.4831	0.125	74	127
note	22.3594	0.369792	71	127
note	22.6081	0.125	73	127
note	21.8646	0.986979	40	127
note	22.7318	0.125	71	127
note	22.9792	0.125	76	127
note	23.1029	0.125	78	127
note	22.3594	0.986979	52	127
note	22.8555	0.492188	73	127
note	23.2266	0.125	79	127
note	23.474	0.125	79	127
note	23.5977	0.125	78	127
note	23.3503	0.492188	49	127
note	23.3503	0.492188	69	127
note	22.8555	0.986979	45	127
note	23.7214	0.125	76	127
note	23.8451	0.125	78	127
note	23.9688	0.125	74	127
note	24.0924	0.125	76	127
note	24.2161	0.125	78	127
note	24.4635	0.125	72	127
note	24.3398	0.369792	69	127
note	24.5872	0.125	71	127
note	23.8451	0.986979	38	127
note	24.7109	0.125	69	127
note	24.9583	0.125	67	127
note	24.8346	0.369792	71	127
note	25.0833	0.125	69	127
note	24.3398	0.986979	50	127
note	25.207	0.125	71	127
note	25.4544	0.125	71	127
note	25.5781	0.125	69	127
note	24.8346	0.986979	38	127
note	25.3307	0.492188	50	127
note	25.3307	0.492188	61	127
note	25.7018	0.125	67	127
note	25.8255	0.125	66	127
note	25.9492	0.125	62	127
note	26.0729	0.125	64	127
note	26.1966	0.125	66	127
note	26.444	0.125	60	127
note	26.3203	0.369792	57	127
note	26.5677	0.125	59	127
note	25.8255	0.986979	38	127
note	26.6914	0.125	57	127
note	26.9388	0.125	62	127
note	27.0625	0.125	64	127
note	26.8151	0.492188	59	127
note	26.3203	0.986979	50	127
note	27.1862	0.125	66	127
note	27.4336	0.125	69	127
note	27.5573	0.125	68	127
note	27.3099	0.492188	50	127
note	27.3099	0.492188	59	127
note	26.8151	0.986979	38	127
note	27.6823	0.125	66	127
note	27.806	0.125	68	127
note	27.9297	0.125	64	127
note	28.0534	0.125	66	127
note	27.806	0.492188	38	127
note	28.1771	0.125	68	127
note	28.4245	0.125	62	127
note	28.3008	0.369792	59	127
note	28.5482	0.125	60	127
note	28.3008	0.492188	56	127
note	28.6719	0.125	59	127
note	28.9193	0.125	60	127
note	29.043	0.125	62	127
note	28.7956	0.492188	57	127
note	29.1667	0.125	64	127
note	29.4141	0.125	67	127
note	29.5378	0.125	66	127
note	29.2904	0.492188	54	127
note	29.2904	0.492188	57	127
note	28.7956	0.986979	48	127
note	29.6615	0.125	64	127
note	29.7852	0.125	63	127
note	29.9089	0.125	57	127
note	30.0326	0.125	59	127
note	30.1576	0.125	60	127
note	30.4049	0.125	60	127
note	30.5286	0.125	59	127
note	30.2812	0.492188	51	127
note	30.2812	0.492188	54	127
note	30.6523	0.125	57	127
note	30.8997	0.125	64	127
note	31.0234	0.125	66	127
note	30.776	0.492188	52	127
note	30.776	0.492188	55	127
note	31.1471	0.125	67	127
note	31.3945	0.125	62	127
note	31.2708	0.369792	59	127
note	31.5182	0.125	61	127
note	29.7852	1.97135	47	127
note	31.2708	0.492188	55	127
note	31.6419	0.125	59	127
note	31.7656	0.125	58	127
note	31.8893	0.125	61	127
note	32.013	0.125	62	127
note	32.1367	0.125	64	127
note	32.3841	0.125	67	127
note	32.5078	0.125	66	127
note	32.2604	0.492188	52	127
note	32.2604	0.492188	58	127
note	32.6328	0.125	64	127
note	32.8802	0.125	70	127
note	32.7565	0.369792	73	127
note	33.0039	0.125	71	127
note	32.7565	0.492188	55	127
note	33.1276	0.125	73	127
note	33.375	0.125	76	127
note	33.4987	0.125	74	127
note	31.7656	1.97135	47	127
note	33.2513	0.492188	58	127
note	33.2513	0.492188	66	127
note	33.6224	0.125	73	127
note	33.7461	0.125	74	127
note	33.8698	0.125	71	127
note	33.9935	0.125	73	127
note	34.1172	0.125	74	127
note	34.3646	0.125	69	127
note	34.2409	0.369792	66	127
note	34.4883	0.125	68	127
note	33.7461	0.986979	47	127
note	34.612	0.125	66	127
note	34.8594	0.125	71	127
note	34.9831	0.125	72	127
note	34.7357	0.492188	68	127
note	34.2409	0.986979	59	127
note	35.1081	0.125	74	127
note	35.3555	0.125	74	127
note	35.4792	0.125	72	127
note	34.7357	0.986979	52	127
note	35.2318	0.492188	56	127
note	35.2318	0.492188	64	127
note	35.6029	0.125	71	127
note	35.7266	0.125	72	127
note	35.8503	0.125	69	127
note	35.974	0.125	71	127
note	36.0977	0.125	72	127
note	36.3451	0.125	67	127
note	36.2214	0.369792	64	127
note	36.4688	0.125	66	127
note	35.7266	0.986979	45	127
note	36.5924	0.125	64	127
note	36.8398	0.125	69	127
note	36.9635	0.125	71	127
note	36.7161	0.492188	66	127
note	36.2214	0.986979	57	127
note	37.0872	0.125	72	127
note	37.3346	0.125	72	127
note	37.4583	0.125	71	127
note	37.2109	0.492188	54	127
note	37.2109	0.492188	62	127
note	36.7161	0.986979	50	127
note	37.5833	0.125	69	127
note	37.707	0.125	71	127
note	37.8307	0.125	67	127
note	37.9544	0.125	69	127
note	38.0781	0.125	71	127
note	38.3255	0.125	71	127
note	38.4492	0.125	69	127
note	37.707	0.986979	43	127
note	38.5729	0.125	67	127
note	38.6966	0.125	74	127
note	38.8203	0.125	67	127
note	38.944	0.125	69	127
note	38.2018	0.986979	55	127
note	38.2018	0.988281	62	127
note	39.0677	0.125	71	127
note	39.3151	0.125	71	127
note	39.4388	0.125	69	127
note	39.1914	0.492188	55	127
note	39.1914	0.492188	62	127
note	38.6966	0.986979	47	127
note	39.5625	0.125	67	127
note	39.6862	0.125	72	127
note	39.8099	0.125	69	127
note	39.9336	0.125	71	127
note	40.0573	0.125	72	127
note	40.306	0.125	67	127
note	40.1823	0.369792	64	127
note	40.4297	0.125	66	127
note	39.6862	0.986979	45	127
note	40.5534	0.125	64	127
note	40.8008	0.125	69	127
note	40.9245	0.125	71	127
note	40.6771	0.492188	66	127
note	40.1823	0.986979	55	127
note	41.0482	0.125	72	127
note	41.2956	0.125	72	127
note	41.4193	0.125	71	127
note	41.1719	0.492188	54	127
note	41.1719	0.492188	62	127
note	40.6771	0.986979	50	127
note	41.543	0.125	69	127
note	41.6667	0.125	71	127
note	41.7904	0.125	67	127
note	41.9141	0.125	69	127
note	42.0378	0.125	71	127
note	42.2852	0.125	66	127
note	42.1615	0.369792	62	127
note	42.4089	0.125	64	127
note	41.6667	0.986979	43	127
note	42.5326	0.125	62	127
note	42.7812	0.125	67	127
note	42.9049	0.125	69	127
note	42.1615	0.986979	55	127
note	42.6576	0.492188	64	127
note	43.0286	0.125	71	127
note	43.276	0.125	74	127
note	43.3997	0.125	73	127
note	43.1523	0.492188	55	127
note	43.1523	0.492188	64	127
note	42.6576	0.986979	43	127
note	43.5234	0.125	71	127
note	43.6471	0.125	73	127
note	43.7708	0.125	69	127
note	43.8945	0.125	71	127
note	44.0182	0.125	73	127
note	44.2656	0.125	67	127
note	44.1419	0.369792	64	127
note	44.3893	0.125	66	127
note	43.6471	0.986979	43	127
note	44.513	0.125	64	127
note	44.7604	0.125	66	127
note	44.8841	0.125	67	127
note	44.6367	0.492188	62	127
note	44.1419	0.986979	49	127
note	45.0078	0.125	69	127
note	45.2565	0.125	69	127
note	45.3802	0.125	67	127
note	44.6367	0.986979	42	127
note	45.1328	0.492188	50	127
note	45.1328	0.492188	59	127
note	45.5039	0.125	66	127
note	45.6276	0.125	67	127
note	45.7513	0.125	64	127
note	45.875	0.125	66	127
note	45.9987	0.125	67	127
note	46.2461	0.125	62	127
note	46.1224	0.369792	59	127
note	46.3698	0.125	61	127
note	45.6276	0.986979	40	127
note	46.4935	0.125	59	127
note	46.1224	0.651042	50	127
note	46.7409	0.125	64	127
note	46.8646	0.125	66	127
note	46.6172	0.492188	61	127
note	46.9883	0.125	67	127
note	47.2357	0.125	67	127
note	47.3594	0.125	66	127
note	47.112	0.492188	49	127
note	47.112	0.492188	57	127
note	46.6172	0.986979	45	127
note	47.4831	0.125	64	127
note	47.6081	0.145833	66	127
note	47.7513	0.125	62	127
note	47.875	0.125	64	127
note	48	0.125	66	127
note	48.2474	0.125	66	127
note	48.3711	0.125	64	127
note	47.6081	0.986979	38	127
note	48.1237	0.492188	57	127
note	48.4948	0.125	62	127
note	48.6185	0.125	69	127
note	48.7422	0.125	66	127
note	48.8659	0.125	67	127
note	48.6185	0.492188	42	127
note	48.1237	0.986979	50	127
note	48.9896	0.125	69	127
note	49.237	0.125	72	127
note	49.3607	0.125	71	127
note	49.1133	0.492188	62	127
note	49.1133	0.492188	57	127
note	49.4844	0.125	69	127
note	49.6081	0.147135	71	127
note	49.7526	0.125	67	127
note	49.8763	0.125	69	127
note	50	0.125	71	127
note	50.2474	0.125	71	127
note	50.3711	0.125	69	127
note	49.6081	0.986979	43	127
note	50.1237	0.492188	62	127
note	50.4948	0.125	67	127
note	50.6185	0.125	74	127
note	50.7422	0.125	71	127
note	50.8659	0.125	72	127
note	50.6185	0.492188	47	127
note	50.1237	0.986979	55	127
note	50.9909	0.125	74	127
note	51.1146	0.125	68	127
note	51.2383	0.125	77	127
note	51.362	0.125	76	127
note	51.1146	0.494792	62	127
note	51.4857	0.127604	74	127
note	51.612	0.157552	73	127
note	51.7591	0.126302	69	127
note	51.8841	0.127604	71	127
note	52.0104	0.127604	73	127
note	52.1367	0.127604	64	127
note	52.263	0.127604	67	127
note	52.3893	0.127604	66	127
note	52.1367	0.502604	55	127
note	52.5156	0.127604	64	127
note	52.6419	0.127604	69	127
note	52.7682	0.127604	74	127
note	52.8945	0.127604	76	127
note	51.612	1.51042	45	127
note	52.6419	0.501302	54	127
note	53.0208	0.126302	78	127
note	53.2721	0.127604	81	127
note	53.3984	0.127604	79	127
note	53.1458	0.502604	50	127
note	53.5247	0.127604	78	127
note	53.1458	0.63151	71	127
note	53.651	0.127604	79	127
note	53.7773	0.127604	73	127
note	53.9036	0.127604	74	127
note	53.651	0.502604	52	127
note	53.1458	1.00781	45	127
note	54.0299	0.127604	76	127
note	54.2826	0.127604	79	127
note	54.4089	0.127604	78	127
note	54.1562	0.502604	49	127
note	54.5352	0.127604	76	127
note	54.1562	0.63151	69	127
note	54.6615	0.127604	78	127
note	54.7878	0.127604	71	127
note	54.9141	0.127604	73	127
note	54.1562	1.00781	45	127
note	55.0404	0.127604	74	127
note	55.1667	0.25	68	127
note	55.293	0.127604	77	127
note	55.4206	0.127604	76	127
note	55.1667	0.503906	47	127
note	54.6615	1.00911	50	127
note	55.5469	0.128906	74	127
note	55.6745	0.253906	73	127
note	55.8229	0.127604	52	127
note	55.8229	0.130208	67	127
note	55.9518	0.126302	53	127
note	55.9518	0.128906	69	127
note	56.0794	0.126302	55	127
note	56.0794	0.128906	70	127
note	56.207	0.126302	49	127
note	56.207	0.128906	64	127
note	56.3346	0.126302	52	127
note	56.3346	0.128906	67	127
note	56.4635	0.126302	50	127
note	56.4635	0.128906	65	127
note	56.5911	0.126302	49	127
note	56.5911	0.128906	64	127
note	56.7188	0.126302	50	127
note	56.7188	0.128906	65	127
note	56.8464	0.126302	53	127
note	56.8464	0.128906	74	127
note	56.974	0.126302	55	127
note	56.974	0.128906	76	127
note	57.1016	0.126302	57	127
note	57.1016	0.128906	77	127
note	57.2292	0.126302	52	127
note	57.2292	0.128906	73	127
note	57.3568	0.126302	55	127
note	57.3568	0.128906	76	127
note	57.4844	0.126302	53	127
note	57.4844	0.128906	74	127
note	57.612	0.126302	52	127
note	57.612	0.128906	73	127
note	57.7396	0.126302	53	127
note	57.7396	0.252604	74	127
note	57.8672	0.126302	50	127
note	57.8672	0.128906	82	127
note	57.9948	0.126302	52	127
note	57.9948	0.128906	81	127
note	55.6745	2.55469	45	127
note	58.1224	0.130208	79	127
note	58.1224	0.253906	53	127
note	58.2513	0.126302	45	127
note	58.2513	0.128906	77	127
note	58.3789	0.126302	48	127
note	58.3789	0.128906	76	127
note	58.5065	0.126302	46	127
note	58.5065	0.128906	74	127
note	58.6341	0.126302	45	127
note	58.6341	0.128906	73	127
note	58.9115	0.128906	77	127
note	58.7617	0.382812	74	127
note	59.0391	0.130208	76	127
note	59.168	0.128906	74	127
note	59.2956	0.252604	83	127
note	59.4232	0.128906	80	127
note	59.5508	0.128906	81	127
note	59.6784	0.128906	83	127
note	59.806	0.252604	77	127
note	59.9336	0.128906	74	127
note	60.0612	0.128906	76	127
note	60.1888	0.128906	77	127
note	60.3164	0.252604	71	127
note	60.444	0.128906	68	127
note	60.5716	0.128906	69	127
note	58.7617	2.03516	44	127
note	60.6992	0.128906	71	127
note	61.0599	0.0846354	66	127
note	61.1458	0.0846354	68	127
note	61.2305	0.0846354	69	127
note	61.3151	0.0846354	71	127
note	61.401	0.0846354	72	127
note	60.8268	0.678385	64	127
note	61.4857	0.0846354	74	127
note	61.5703	0.0846354	76	127
note	61.7917	0.135417	73	127
note	61.9271	0.134115	74	127
note	61.9271	0.265625	57	127
note	62.0612	0.134115	69	127
note	62.1953	0.265625	55	127
note	61.6562	0.804688	77	127
note	62.3294	0.134115	67	127
note	62.1953	0.532552	70	127
note	62.4635	0.265625	49	127
note	62.5977	0.134115	67	127
note	62.4635	0.529948	76	127
note	62.7318	0.265625	53	127
note	62.8646	0.134115	65	127
note	62.9987	0.265625	50	127
note	62.7318	0.532552	69	127
note	63.1328	0.134115	65	127
note	62.9987	0.529948	74	127
note	63.2669	0.265625	52	127
note	63.401	0.134115	64	127
note	61.6562	2.13932	45	127
note	63.5352	0.264323	73	127
note	63.2669	0.532552	67	127
note	63.5352	0.265625	55	127
note	63.6693	0.134115	64	127
note	64.4753	1.57161	71	127
note	64.3411	1.70573	65	127
note	64.207	1.83984	59	127
note	64.0729	1.97396	53	127
note	63.8034	2.24349	45	127
note	64.543	1.50521	74	127
note	64.4089	1.63932	68	127
note	64.2747	1.77344	62	127
note	64.1406	1.90755	56	127
note	64.0065	2.04167	50	127
note	66.0938	0.104167	73	127
note	66.1966	0.104167	71	127
note	66.3008	0.104167	69	127
note	66.4049	0.104167	68	127
note	66.5104	0.104167	66	127
note	66.6146	0.104167	64	127
note	66.7188	0.104167	66	127
note	66.8216	0.104167	68	127
note	66.9258	0.104167	69	127
note	67.0312	0.104167	71	127
note	67.1354	0.104167	73	127
note	67.2396	0.104167	74	127
note	67.3438	0.104167	76	127
note	67.4479	0.104167	77	127
note	67.5521	0.104167	76	127
note	67.6562	0.104167	74	127
note	67.7604	0.104167	73	127
note	67.8646	0.104167	71	127
note	67.9688	0.104167	69	127
note	68.0729	0.104167	68	127
note	68.1771	0.104167	66	127
note	68.2812	0.104167	64	127
note	68.3854	0.104167	62	127
note	68.9128	0.783854	76	127
note	68.7786	0.917969	70	127
note	68.6445	1.05208	64	127
note	68.5091	1.1875	61	127
note	69.0469	0.651042	82	127
note	68.9805	0.717448	79	127
note	68.8464	0.851562	73	127
note	68.7122	0.985677	67	127
note	70.2578	0.959635	80	127
note	70.0378	1.17969	71	127
note	69.8906	1.32682	65	127
note	69.7331	1.48438	62	127
note	70.332	0.886719	83	127
note	70.1849	1.03385	77	127
note	70.112	1.10677	74	127
note	69.9648	1.25391	68	127
note	71.9219	0.246094	69	127
note	71.7956	0.492188	64	127
note	71.6706	0.746094	57	127
note	72.2956	0.234375	64	127
note	71.5456	0.996094	52	127
note	72.1719	0.479167	69	127
note	71.3776	1.36458	45	127
note	72.5456	0.22526	64	127
note	72.4206	0.35026	62	127
note	72.0469	0.723958	74	127
note	72.6693	0.122396	69	127
note	73.3398	0.138021	67	127
note	73.2148	0.496094	64	127
note	73.0898	0.871094	57	127
note	72.9635	1.10547	52	127
note	73.9635	0.154948	57	127
note	73.8385	0.279948	61	127
note	73.7148	0.403646	64	127
note	73.5898	0.528646	69	127
note	73.4648	0.653646	73	127
note	72.8073	1.36458	45	127
note	74.0885	0.121094	52	127
note	74.8828	0.246094	69	127
note	74.7578	0.496094	66	127
note	74.6328	0.747396	62	127
note	74.5078	0.996094	57	127
note	74.3828	1.24609	54	127
note	74.224	1.49479	50	127
note	75.6315	0.122396	54	127
note	75.0065	0.747396	74	127
note	75.1315	0.623698	69	127
note	75.2565	0.5	66	127
note	75.3815	0.376302	62	127
note	75.5065	0.252604	57	127
note	75.7565	0.492188	50	127
note	77.2917	3.5651	66	127
note	77.2917	3.5651	69	127
note	77.2917	3.5651	74	127
note	77.2917	3.5651	45	127
note	77.2917	3.5651	42	127
note	76.9076	3.94922	62	127
note	76.5234	4.33333	50	127
note	76.1406	4.71615	38	127
note	81.0977	0.33724	50	127
note	81.4271	0.0885417	52	127
note	81.5195	0.0885417	54	127
note	81.6107	0.0885417	55	127
note	81.7018	0.0885417	54	127
note	81.7943	0.0885417	52	127
note	81.8854	0.0885417	54	127
note	81.9766	0.0885417	50	127
note	82.069	0.822917	59	127
note	82.8945	0.115885	59	127
note	83.013	0.822917	57	127
note	83.8398	0.115885	55	127
note	83.9583	0.822917	54	127
note	84.7852	0.115885	55	127
note	84.9036	0.303385	57	127
note	85.2096	0.0885417	59	127
note	85.3021	0.0885417	61	127
note	85.3932	0.0885417	62	127
note	85.4844	0.0885417	61	127
note	85.5768	0.0885417	59	127
note	84.9036	0.825521	54	127
note	85.668	0.0885417	61	127
note	85.7591	0.0885417	57	127
note	85.7318	0.115885	52	127
note	85.8503	0.822917	66	127
note	85.8503	0.941406	50	127
note	86.6771	0.115885	66	127
note	86.7956	0.822917	64	127
note	86.7956	0.941406	52	127
note	87.6224	0.115885	62	127
note	87.7409	0.704427	45	127
note	88.4492	0.0755208	52	127
note	88.5273	0.0755208	54	127
note	88.6055	0.0755208	55	127
note	87.7409	0.940104	61	127
note	88.6849	0.822917	66	127
note	89.5104	0.115885	66	127
note	89.6289	0.704427	59	127
note	90.3372	0.0755208	59	127
note	90.4154	0.0755208	61	127
note	90.4948	0.0755208	62	127
note	88.6849	1.88542	57	127
note	90.5729	0.233073	64	127
note	90.8086	0.233073	62	127
note	91.0456	0.233073	64	127
note	91.2812	0.233073	61	127
note	91.5169	0.0755208	59	127
note	91.5951	0.0755208	57	127
note	91.6745	0.0755208	59	127
note	90.5729	1.72656	55	127
note	92.3034	0.0755208	54	127
note	92.3815	0.0755208	52	127
note	91.7526	0.704427	57	127
note	92.7669	0.0885417	64	127
note	92.8594	0.0885417	66	127
note	92.9505	0.0885417	67	127
note	93.0417	0.0885417	66	127
note	93.1341	0.0885417	64	127
note	92.4609	0.825521	54	127
note	92.4609	0.847656	62	127
note	93.2253	0.0885417	66	127
note	93.2891	0.115885	50	127
note	93.4076	0.822917	71	127
note	93.4076	0.822917	55	127
note	93.3164	1.00391	62	127
note	94.2344	0.115885	71	127
note	94.2344	0.115885	52	127
note	94.3529	0.822917	69	127
note	94.3529	0.822917	57	127
note	94.3529	0.933594	61	127
note	95.1797	0.115885	67	127
note	95.1797	0.115885	45	127
note	95.2982	0.58724	66	127
note	95.2982	0.602865	62	127
note	95.888	0.0859375	69	127
note	95.9779	0.0859375	68	127
note	95.2982	0.824219	50	127
note	96.0664	0.0859375	66	127
note	96.1549	0.0859375	68	127
note	96.1263	0.115885	52	127
note	96.5508	0.0885417	71	127
note	96.6432	0.0885417	73	127
note	96.7344	0.0885417	74	127
note	96.8255	0.0885417	73	127
note	96.9167	0.0885417	71	127
note	96.2448	0.825521	61	127
note	96.2448	0.825521	54	127
note	96.2448	0.847656	69	127
note	97.0091	0.0885417	73	127
note	97.0729	0.115885	52	127
note	97.1914	0.822917	78	127
note	97.1914	0.822917	59	127
note	97.1914	0.822917	50	127
note	97.1003	1.00391	69	127
note	98.0182	0.115885	78	127
note	98.0182	0.115885	47	127
note	98.1367	0.822917	76	127
note	98.1367	0.933594	68	127
note	98.1367	0.941406	52	127
note	98.9635	0.115885	74	127
note	99.082	0.704427	73	127
note	99.082	0.704427	69	127
note	99.7891	0.0755208	76	127
note	99.082	0.785156	45	127
note	99.082	0.859375	57	127
note	99.8685	0.0755208	78	127
note	99.9466	0.0755208	79	127
note	100.026	0.303385	66	127
note	100.332	0.0885417	67	127
note	100.424	0.0885417	69	127
note	100.516	0.0885417	71	127
note	100.607	0.0885417	69	127
note	100.698	0.0885417	67	127
note	100.026	0.825521	81	127
note	100.79	0.0885417	69	127
note	100.026	0.936198	73	127
note	100.882	0.0885417	66	127
note	100.854	0.115885	81	127
note	100.973	0.704427	74	127
note	100.973	0.704427	81	127
note	101.681	0.0755208	74	127
note	101.759	0.0755208	76	127
note	100.973	0.940104	71	127
note	101.839	0.0755208	78	127
note	101.917	0.303385	64	127
note	102.224	0.0885417	66	127
note	102.315	0.0885417	67	127
note	102.406	0.0885417	69	127
note	102.499	0.0885417	67	127
note	102.59	0.0885417	66	127
note	101.917	0.825521	79	127
note	102.681	0.0885417	67	127
note	101.917	0.936198	74	127
note	102.773	0.0885417	64	127
note	102.746	0.115885	79	127
note	102.865	0.704427	79	127
note	102.865	0.704427	73	127
note	103.572	0.0755208	76	127
note	102.865	0.859375	69	127
note	103.651	0.0755208	74	127
note	103.729	0.0755208	73	127
note	103.965	0.0755208	76	127
note	103.809	0.303385	38	127
note	104.115	0.0885417	40	127
note	104.207	0.0885417	42	127
note	104.298	0.0885417	43	127
note	104.389	0.0885417	42	127
note	104.48	0.0885417	40	127
note	103.887	0.729167	74	127
note	103.809	0.807292	69	127
note	104.044	0.588542	78	127
note	104.573	0.0872396	42	127
note	104.663	0.0885417	38	127
note	104.635	0.115885	76	127
note	104.635	0.115885	73	127
note	104.635	0.115885	67	127
note	104.754	0.822917	74	127
note	104.754	0.822917	71	127
note	104.754	0.822917	66	127
note	104.754	0.822917	47	127
note	105.581	0.115885	76	127
note	105.581	0.115885	67	127
note	105.581	0.115885	47	127
note	105.699	0.822917	64	127
note	105.699	0.822917	69	127
note	105.699	0.822917	73	127
note	105.699	0.822917	45	127
note	106.526	0.115885	69	127
note	106.526	0.115885	73	127
note	106.526	0.115885	64	127
note	106.526	0.115885	43	127
note	106.645	0.704427	42	127
note	107.352	0.0755208	50	127
note	107.431	0.0755208	52	127
note	107.509	0.0755208	54	127
note	106.645	0.940104	73	127
note	106.645	0.940104	69	127
note	106.645	0.940104	62	127
note	107.895	0.0885417	73	127
note	107.986	0.0885417	74	127
note	108.078	0.0885417	76	127
note	108.169	0.0885417	74	127
note	108.26	0.0885417	73	127
note	107.589	0.825521	55	127
note	107.589	0.847656	71	127
note	108.353	0.0885417	74	127
note	107.589	0.936198	62	127
note	108.417	0.115885	54	127
note	108.535	0.822917	79	127
note	108.535	0.822917	52	127
note	108.444	1.00391	71	127
note	109.362	0.115885	79	127
note	109.362	0.115885	49	127
note	109.48	0.822917	78	127
note	109.48	0.933594	70	127
note	109.48	0.941406	54	127
note	108.535	1.88672	61	127
note	110.307	0.115885	76	127
note	110.426	0.115885	47	127
note	110.544	0.115885	49	127
note	110.663	0.115885	50	127
note	110.781	0.115885	52	127
note	110.426	0.471354	76	127
note	110.9	0.115885	50	127
note	111.018	0.115885	49	127
note	111.137	0.115885	50	127
note	110.426	0.9375	59	127
note	111.255	0.115885	47	127
note	110.9	0.471354	74	127
note	111.374	0.233073	83	127
note	111.611	0.233073	81	127
note	110.426	1.65104	71	127
note	111.846	0.233073	83	127
note	111.374	0.707031	56	127
note	112.082	0.233073	80	127
note	112.318	0.233073	80	127
note	112.553	0.233073	78	127
note	112.79	0.233073	80	127
note	112.318	0.822917	71	127
note	112.318	0.822917	74	127
note	113.145	0.115885	71	127
note	113.145	0.115885	68	127
note	113.026	0.234375	76	127
note	113.263	0.233073	76	127
note	113.499	0.233073	74	127
note	113.734	0.233073	76	127
note	113.263	0.822917	71	127
note	113.263	0.822917	68	127
note	114.09	0.115885	64	127
note	114.09	0.115885	69	127
note	113.971	0.234375	73	127
note	114.208	0.115885	45	127
note	114.327	0.115885	47	127
note	114.445	0.115885	49	127
note	114.564	0.115885	50	127
note	114.208	0.471354	74	127
note	114.682	0.115885	49	127
note	114.801	0.115885	47	127
note	114.919	0.115885	49	127
note	114.208	0.9375	64	127
note	115.038	0.115885	45	127
note	114.682	0.471354	73	127
note	115.156	0.233073	81	127
note	115.393	0.233073	79	127
note	114.208	1.65104	69	127
note	115.629	0.233073	81	127
note	115.156	0.825521	54	127
note	115.865	0.234375	78	127
note	116.102	0.233073	78	127
note	116.337	0.233073	76	127
note	116.574	0.233073	78	127
note	116.102	0.822917	72	127
note	116.102	0.822917	69	127
note	116.928	0.115885	66	127
note	116.928	0.115885	69	127
note	116.81	0.234375	74	127
note	117.047	0.233073	74	127
note	117.283	0.233073	72	127
note	117.518	0.233073	74	127
note	117.047	0.822917	69	127
note	117.047	0.822917	66	127
note	117.754	0.234375	71	127
note	117.874	0.115885	67	127
note	117.874	0.115885	62	127
note	117.992	0.115885	43	127
note	118.111	0.115885	45	127
note	118.229	0.115885	47	127
note	118.348	0.115885	48	127
note	117.992	0.471354	72	127
note	118.466	0.115885	47	127
note	118.585	0.115885	45	127
note	118.703	0.115885	47	127
note	117.992	0.9375	67	127
note	117.992	0.9375	62	127
note	118.822	0.115885	43	127
note	118.466	0.471354	71	127
note	118.94	0.303385	67	127
note	119.247	0.0885417	69	127
note	119.339	0.0885417	71	127
note	119.431	0.0885417	72	127
note	119.522	0.0885417	71	127
note	119.613	0.0885417	69	127
note	118.94	0.825521	52	127
note	119.704	0.0885417	71	127
note	119.797	0.0885417	67	127
note	119.77	0.115885	50	127
note	119.888	0.822917	76	127
note	119.888	0.941406	48	127
note	120.715	0.115885	76	127
note	120.833	0.822917	74	127
note	121.659	0.115885	72	127
note	120.833	0.941406	50	127
note	121.779	0.58724	71	127
note	122.368	0.0859375	74	127
note	122.457	0.0859375	73	127
note	121.779	0.824219	55	127
note	122.547	0.0859375	71	127
note	122.635	0.0859375	73	127
note	122.605	0.115885	57	127
note	122.724	0.303385	62	127
note	123.031	0.0885417	64	127
note	123.122	0.0885417	66	127
note	123.215	0.0885417	67	127
note	123.306	0.0885417	66	127
note	123.397	0.0885417	64	127
note	122.724	0.8125	59	127
note	123.488	0.0872396	66	127
note	123.552	0.0755208	57	127
note	122.724	0.942708	74	127
note	123.579	0.0885417	62	127
note	123.671	0.822917	71	127
note	123.671	0.822917	55	127
note	124.497	0.115885	71	127
note	124.497	0.115885	52	127
note	124.616	0.822917	73	127
note	124.616	0.822917	69	127
note	124.616	0.822917	57	127
note	125.441	0.115885	67	127
note	125.441	0.115885	45	127
note	125.561	0.303385	47	127
note	125.867	0.0885417	49	127
note	125.958	0.0885417	50	127
note	126.051	0.0885417	52	127
note	126.142	0.0885417	50	127
note	126.233	0.0885417	49	127
note	125.561	0.761719	66	127
note	125.561	0.761719	74	127
note	126.326	0.0885417	50	127
note	126.417	0.0885417	47	127
note	126.326	0.179688	71	127
note	126.508	0.303385	74	127
note	126.815	0.0885417	76	127
note	126.906	0.0885417	78	127
note	126.997	0.0885417	79	127
note	127.09	0.0885417	78	127
note	127.181	0.0885417	76	127
note	126.508	0.825521	59	127
note	127.272	0.0885417	78	127
note	127.365	0.0885417	74	127
note	127.337	0.115885	57	127
note	127.456	0.822917	83	127
note	127.456	0.822917	55	127
note	128.283	0.115885	83	127
note	128.283	0.115885	52	127
note	128.401	0.822917	81	127
note	128.401	0.822917	72	127
note	128.401	0.822917	57	127
note	129.227	0.115885	79	127
note	129.227	0.115885	45	127
note	129.345	0.704427	78	127
note	130.053	0.0755208	74	127
note	130.132	0.0755208	76	127
note	129.345	0.940104	50	127
note	130.211	0.0755208	78	127
note	130.289	0.303385	55	127
note	130.596	0.0885417	57	127
note	130.688	0.0885417	59	127
note	130.779	0.0885417	60	127
note	130.871	0.0885417	59	127
note	130.962	0.0885417	57	127
note	130.289	0.825521	79	127
note	130.289	0.825521	71	127
note	130.289	0.847656	52	127
note	131.053	0.0885417	59	127
note	131.146	0.0885417	55	127
note	131.118	0.115885	79	127
note	131.237	0.822917	79	127
note	131.237	0.822917	64	127
note	131.237	0.822917	60	127
note	132.064	0.115885	81	127
note	132.064	0.115885	64	127
note	132.064	0.115885	57	127
note	132.182	0.822917	78	127
note	132.182	0.822917	62	127
note	133.008	0.115885	78	127
note	133.008	0.115885	60	127
note	133.008	0.115885	50	127
note	131.237	1.88672	69	127
note	133.126	0.782552	78	127
note	133.913	0.0755208	76	127
note	133.126	0.932292	67	127
note	133.126	0.940104	59	127
note	133.126	0.940104	55	127
note	133.992	0.0755208	75	127
note	134.07	0.303385	40	127
note	134.378	0.0885417	42	127
note	134.469	0.0885417	43	127
note	134.56	0.0885417	45	127
note	134.652	0.0885417	43	127
note	134.743	0.0885417	42	127
note	134.835	0.0885417	43	127
note	134.07	0.94401	71	127
note	134.07	0.94401	76	127
note	134.07	0.94401	67	127
note	134.927	0.0885417	40	127
note	135.018	0.822917	48	127
note	135.186	0.665365	76	127
note	135.866	0.115885	48	127
note	135.866	0.115885	75	127
note	135.984	0.822917	47	127
note	135.984	0.822917	76	127
note	136.81	0.115885	45	127
note	136.81	0.115885	78	127
note	135.102	1.82422	69	127
note	136.928	0.782552	71	127
note	136.928	0.822917	43	127
note	137.715	0.0768229	72	127
note	135.018	2.82943	66	127
note	137.755	0.115885	42	127
note	137.796	0.145833	69	127
note	137.874	0.807292	64	127
note	138.031	0.651042	67	127
note	137.874	0.821615	43	127
note	138.189	0.507812	71	127
note	138.699	0.115885	45	127
note	138.699	0.115885	72	127
note	138.699	0.115885	64	127
note	138.818	0.941406	67	127
note	138.818	0.941406	64	127
note	139.645	0.115885	57	127
note	139.763	0.0755208	67	127
note	139.841	0.0755208	66	127
note	139.919	0.0755208	67	127
note	139.763	0.782552	59	127
note	139.763	0.932292	63	127
note	140.549	0.153646	57	127
note	139.999	0.704427	66	127
note	138.818	1.88542	47	127
note	140.706	0.115885	64	127
note	140.824	0.115885	66	127
note	140.944	0.115885	67	127
note	141.062	0.115885	69	127
note	141.181	0.115885	67	127
note	141.299	0.115885	66	127
note	141.418	0.115885	67	127
note	140.706	0.945312	55	127
note	140.706	0.945312	52	127
note	141.536	0.115885	64	127
note	141.655	0.233073	59	127
note	141.891	0.233073	57	127
note	141.655	0.589844	79	127
note	142.126	0.234375	59	127
note	142.365	0.233073	55	127
note	142.6	0.233073	55	127
note	142.836	0.233073	54	127
note	143.072	0.233073	55	127
note	142.6	0.822917	64	127
note	142.6	0.822917	59	127
note	143.426	0.115885	55	127
note	143.426	0.115885	61	127
note	143.307	0.234375	52	127
note	143.546	0.233073	52	127
note	143.781	0.233073	50	127
note	144.017	0.233073	52	127
note	143.546	0.822917	55	127
note	143.546	0.822917	61	127
note	144.371	0.115885	52	127
note	144.371	0.115885	57	127
note	144.253	0.234375	49	127
note	144.49	0.115885	69	127
note	144.608	0.115885	71	127
note	144.727	0.115885	73	127
note	144.846	0.115885	74	127
note	144.965	0.115885	73	127
note	145.083	0.115885	71	127
note	145.202	0.115885	73	127
note	144.49	0.945312	49	127
note	144.49	0.945312	57	127
note	144.49	0.945312	52	127
note	145.32	0.115885	69	127
note	145.439	0.233073	57	127
note	145.674	0.233073	55	127
note	145.91	0.233073	57	127
note	145.439	0.707031	78	127
note	146.147	0.233073	54	127
note	146.383	0.233073	54	127
note	146.618	0.233073	52	127
note	146.854	0.233073	54	127
note	146.383	0.822917	57	127
note	146.383	0.822917	62	127
note	147.208	0.115885	54	127
note	147.208	0.115885	59	127
note	147.09	0.234375	50	127
note	147.328	0.233073	50	127
note	147.564	0.233073	49	127
note	147.799	0.233073	50	127
note	147.328	0.822917	54	127
note	147.328	0.822917	59	127
note	148.154	0.115885	50	127
note	148.154	0.115885	55	127
note	148.035	0.234375	47	127
note	148.272	0.115885	67	127
note	148.391	0.115885	69	127
note	148.509	0.115885	71	127
note	148.629	0.115885	72	127
note	148.747	0.115885	71	127
note	148.866	0.115885	69	127
note	148.984	0.115885	71	127
note	148.272	0.9375	50	127
note	148.272	0.9375	55	127
note	148.272	0.945312	47	127
note	149.103	0.115885	67	127
note	149.221	0.233073	55	127
note	149.457	0.233073	54	127
note	149.693	0.233073	55	127
note	149.221	0.707031	76	127
note	149.93	0.233073	52	127
note	150.165	0.233073	52	127
note	150.401	0.233073	50	127
note	150.637	0.233073	52	127
note	150.165	0.822917	61	127
note	150.165	0.822917	55	127
note	150.991	0.115885	52	127
note	150.991	0.115885	57	127
note	150.872	0.234375	49	127
note	151.109	0.233073	49	127
note	151.346	0.233073	47	127
note	151.582	0.233073	49	127
note	151.109	0.822917	52	127
note	151.109	0.822917	57	127
note	151.936	0.115885	49	127
note	151.936	0.115885	54	127
note	151.818	0.234375	45	127
note	152.055	0.286458	66	127
note	152.345	0.0911458	67	127
note	152.439	0.0911458	69	127
note	152.534	0.0911458	71	127
note	152.628	0.0911458	69	127
note	152.055	0.709635	45	127
note	152.055	0.709635	54	127
note	152.055	0.709635	49	127
note	152.721	0.0898438	67	127
note	152.814	0.0911458	69	127
note	153.001	0.269531	59	127
note	153.275	0.0924479	61	127
note	153.37	0.0924479	62	127
note	153.465	0.0924479	64	127
note	153.561	0.0924479	62	127
note	153.656	0.0924479	61	127
note	153.001	0.820312	74	127
note	153.751	0.0924479	62	127
note	152.909	1.00391	66	127
note	153.846	0.0924479	59	127
note	153.826	0.114583	74	127
note	153.943	0.269531	52	127
note	154.216	0.0924479	54	127
note	154.311	0.0924479	55	127
note	154.406	0.0924479	57	127
note	154.501	0.0924479	55	127
note	154.598	0.0924479	54	127
note	153.943	0.820312	74	127
note	154.693	0.0924479	55	127
note	154.788	0.0924479	52	127
note	154.766	0.114583	76	127
note	154.883	0.153646	74	127
note	155.04	0.0755208	73	127
note	154.883	0.269531	57	127
note	155.12	0.0768229	74	127
note	155.156	0.09375	59	127
note	155.199	0.0755208	73	127
note	155.254	0.0924479	61	127
note	155.277	0.0755208	74	127
note	155.349	0.09375	62	127
note	155.445	0.0924479	61	127
note	155.54	0.0924479	59	127
note	155.357	0.286458	73	127
note	155.637	0.09375	61	127
note	155.647	0.0885417	74	127
note	155.738	0.0885417	76	127
note	155.733	0.09375	57	127
note	153.943	1.88411	67	127
note	155.829	0.269531	50	127
note	156.103	0.0924479	52	127
note	156.198	0.0924479	54	127
note	156.294	0.0924479	55	127
note	156.389	0.0924479	54	127
note	156.484	0.0924479	52	127
note	156.579	0.0924479	54	127
note	155.829	0.9375	66	127
note	155.829	0.9375	78	127
note	156.676	0.0924479	50	127
note	156.771	0.233073	83	127
note	157.007	0.233073	81	127
note	157.242	0.233073	83	127
note	156.771	0.859375	55	127
note	157.479	0.233073	79	127
note	157.715	0.233073	79	127
note	157.951	0.233073	78	127
note	158.186	0.233073	79	127
note	157.715	0.822917	71	127
note	157.715	0.822917	74	127
note	158.54	0.115885	67	127
note	158.54	0.115885	71	127
note	158.422	0.234375	76	127
note	158.659	0.233073	76	127
note	158.896	0.233073	74	127
note	159.132	0.233073	76	127
note	158.659	0.822917	67	127
note	158.659	0.822917	71	127
note	159.486	0.115885	64	127
note	159.486	0.115885	69	127
note	159.367	0.234375	73	127
note	159.625	0.565104	74	127
note	159.625	0.848958	55	127
note	159.625	0.848958	43	127
note	159.625	0.929688	69	127
note	159.625	0.929688	64	127
note	160.194	0.476562	73	127
note	160.509	0.190104	55	127
note	160.691	0.313802	54	127
note	161.009	0.0911458	55	127
note	161.103	0.0911458	57	127
note	161.197	0.0911458	55	127
note	161.292	0.0911458	54	127
note	161.385	0.0911458	52	127
note	160.691	0.85026	74	127
note	160.691	0.85026	66	127
note	160.691	0.85026	69	127
note	161.479	0.0911458	50	127
note	161.573	0.0911458	49	127
note	161.546	0.119792	74	127
note	161.546	0.119792	69	127
note	161.546	0.119792	66	127
note	161.668	0.313802	47	127
note	161.984	0.0911458	49	127
note	162.079	0.0911458	50	127
note	162.173	0.0911458	49	127
note	162.267	0.0911458	47	127
note	162.361	0.0911458	45	127
note	161.668	0.85026	74	127
note	161.668	0.85026	71	127
note	161.668	0.85026	66	127
note	162.456	0.0911458	47	127
note	162.549	0.0911458	43	127
note	162.521	0.119792	76	127
note	162.521	0.119792	71	127
note	162.521	0.119792	67	127
note	162.643	0.158854	74	127
note	162.806	0.078125	73	127
note	162.887	0.078125	71	127
note	162.969	0.078125	73	127
note	163.049	0.078125	74	127
note	162.643	0.848958	45	127
note	163.132	0.361979	73	127
note	162.643	0.966146	69	127
note	162.643	0.966146	64	127
note	163.496	0.122396	74	127
note	163.496	0.122396	45	127
note	163.621	0.751302	38	127
note	164.391	0.109375	50	127
note	164.5	0.109375	52	127
note	163.621	1.0026	74	127
note	163.621	1.0026	69	127
note	163.621	1.0026	66	127
note	164.609	0.110677	54	127
note	164.721	0.123698	71	127
note	164.848	0.123698	73	127
note	164.974	0.123698	74	127
note	165.1	0.123698	76	127
note	165.227	0.123698	74	127
note	165.353	0.123698	73	127
note	165.479	0.123698	74	127
note	165.605	0.123698	71	127
note	164.721	1.00781	55	127
note	165.732	0.123698	49	127
note	165.858	0.123698	50	127
note	165.984	0.123698	52	127
note	166.111	0.123698	54	127
note	166.237	0.123698	52	127
note	166.363	0.123698	50	127
note	166.49	0.123698	52	127
note	165.858	0.867188	71	127
note	165.732	0.998698	64	127
note	166.616	0.122396	49	127
note	165.984	0.753906	76	127
note	166.741	0.123698	69	127
note	166.867	0.123698	71	127
note	166.993	0.123698	73	127
note	167.12	0.123698	74	127
note	167.246	0.123698	73	127
note	167.372	0.123698	71	127
note	167.499	0.123698	73	127
note	167.625	0.123698	69	127
note	166.741	1.00781	54	127
note	167.751	0.123698	47	127
note	167.878	0.123698	49	127
note	168.004	0.123698	50	127
note	168.13	0.123698	52	127
note	168.257	0.123698	50	127
note	168.383	0.123698	49	127
note	168.509	0.123698	50	127
note	167.836	0.914062	69	127
note	167.751	0.998698	62	127
note	168.635	0.122396	47	127
note	167.921	0.847656	74	127
note	168.762	0.140625	67	127
note	168.762	0.140625	52	127
note	168.905	0.121094	69	127
note	168.905	0.121094	54	127
note	169.029	0.121094	71	127
note	169.029	0.121094	55	127
note	169.154	0.121094	72	127
note	169.154	0.121094	57	127
note	169.277	0.121094	71	127
note	169.277	0.121094	55	127
note	169.401	0.121094	69	127
note	169.401	0.121094	54	127
note	169.525	0.121094	71	127
note	169.525	0.121094	55	127
note	169.648	0.121094	67	127
note	169.648	0.121094	52	127
note	169.772	0.158854	73	127
note	169.772	0.158854	57	127
note	169.935	0.11849	74	127
note	169.935	0.11849	59	127
note	170.056	0.11849	76	127
note	170.056	0.11849	61	127
note	170.177	0.11849	78	127
note	170.177	0.11849	62	127
note	170.298	0.11849	76	127
note	170.298	0.11849	61	127
note	170.419	0.11849	74	127
note	170.419	0.11849	59	127
note	170.54	0.11849	76	127
note	170.54	0.11849	61	127
note	170.661	0.11849	73	127
note	170.661	0.11849	57	127
note	170.783	0.196615	78	127
note	170.783	0.196615	62	127
note	170.982	0.111979	79	127
note	170.982	0.111979	64	127
note	171.098	0.111979	81	127
note	171.098	0.111979	66	127
note	171.212	0.111979	83	127
note	171.212	0.111979	67	127
note	171.327	0.111979	81	127
note	171.327	0.111979	66	127
note	171.441	0.111979	79	127
note	171.441	0.111979	64	127
note	171.556	0.111979	81	127
note	171.556	0.111979	66	127
note	171.671	0.111979	78	127
note	171.671	0.111979	62	127
note	171.785	0.838542	83	127
note	171.785	0.878906	67	127
note	172.668	0.123698	69	127
note	172.668	0.123698	73	127
note	172.668	0.123698	64	127
note	172.668	0.123698	55	127
note	172.794	0.877604	66	127
note	172.794	0.877604	74	127
note	172.794	0.877604	69	127
note	172.794	0.877604	54	127
note	173.674	0.123698	67	127
note	173.674	0.123698	76	127
note	173.674	0.123698	73	127
note	173.674	0.123698	52	127
note	173.801	0.838542	74	127
note	173.801	0.838542	69	127
note	173.801	0.838542	78	127
note	173.801	0.878906	50	127
note	174.682	0.123698	66	127
note	174.682	0.123698	62	127
note	174.682	0.123698	57	127
note	174.682	0.123698	48	127
note	174.809	0.877604	59	127
note	174.809	0.877604	62	127
note	174.809	0.877604	67	127
note	174.809	0.877604	47	127
note	175.689	0.127604	69	127
note	175.689	0.127604	66	127
note	175.689	0.127604	60	127
note	175.689	0.127604	45	127
note	175.819	0.867188	71	127
note	175.819	0.867188	67	127
note	175.819	0.867188	62	127
note	175.819	0.908854	43	127
note	176.73	0.127604	71	127
note	176.73	0.127604	67	127
note	176.73	0.127604	62	127
note	176.73	0.127604	42	127
note	176.861	0.908854	64	127
note	176.861	0.908854	73	127
note	176.861	0.908854	67	127
note	176.861	0.908854	40	127
note	177.772	0.127604	69	127
note	177.772	0.127604	66	127
note	177.772	0.127604	62	127
note	177.772	0.127604	38	127
note	177.902	1.03906	62	127
note	177.902	1.03906	57	127
note	177.902	1.03906	66	127
note	177.902	1.03906	45	127
note	178.944	0.908854	61	127
note	178.944	0.908854	64	127
note	178.944	1.08464	55	127
note	179.855	0.207031	62	127
note	178.944	5.28385	45	127
note	180.073	4.16016	38	127
note	180.073	4.16016	50	127
note	180.073	4.16016	54	127
note	180.073	4.16016	57	127
note	180.073	4.16016	62	127
