note	0.0833333	0.446615	50	127
note	0.535156	0.446615	50	127
note	0.83724	0.210937	69	127
note	0.988281	0.282552	65	127
note	1.13802	0.210938	62	127
note	0.988281	0.446615	50	127
note	1.28906	0.210938	69	127
note	1.4401	0.282552	65	127
note	1.59115	0.210938	62	127
note	1.4401	0.446615	50	127
note	1.74219	0.210938	74	127
note	1.89323	0.282552	70	127
note	2.04297	0.210938	67	127
note	1.89323	0.446615	50	127
note	2.19401	0.210938	70	127
note	2.34505	0.282552	67	127
note	2.49609	0.210938	64	127
note	2.34505	0.446615	50	127
note	2.64714	0.210938	67	127
note	2.79818	0.282552	64	127
note	2.94792	0.210938	61	127
note	2.79818	0.446615	50	127
note	3.09896	0.210938	67	127
note	3.25	0.282552	64	127
note	3.40104	0.210938	61	127
note	3.25	0.446615	50	127
note	3.55208	0.210938	69	127
note	3.70312	0.282552	65	127
note	3.85417	0.210938	62	127
note	3.70312	0.446615	50	127
note	4.00391	0.210938	69	127
note	4.15495	0.1875	65	127
note	4.30599	0.128906	62	127
note	4.15495	0.446615	50	127
note	4.45703	0.210938	81	127
note	4.60807	0.282552	77	127
note	4.75911	0.210938	74	127
note	4.60807	0.446615	62	127
note	4.90885	0.210938	77	127
note	5.0599	0.282552	74	127
note	5.21094	0.210938	69	127
note	5.0599	0.446615	62	127
note	5.36198	0.210938	74	127
note	5.51302	0.282552	70	127
note	5.66406	0.210938	67	127
note	5.51302	0.446615	55	127
note	5.8138	0.210938	74	127
note	5.96484	0.282552	70	127
note	6.11589	0.210938	67	127
note	5.96484	0.446615	55	127
note	6.26693	0.210938	79	127
note	6.41797	0.282552	76	127
note	6.56901	0.210938	72	127
note	6.41797	0.446615	60	127
note	6.71875	0.210938	76	127
note	6.86979	0.282552	72	127
note	7.02083	0.210938	67	127
note	6.86979	0.446615	60	127
note	7.17188	0.210938	72	127
note	7.32292	0.282552	69	127
note	7.47396	0.210938	65	127
note	7.32292	0.446615	53	127
note	7.625	0.210938	72	127
note	7.77474	0.210938	69	127
note	7.92578	0.210938	65	127
note	7.77474	0.446615	53	127
note	8.07682	0.210938	77	127
note	8.22786	0.282552	74	127
note	8.37891	0.210938	70	127
note	8.22786	0.446615	58	127
note	8.52995	0.210938	74	127
note	8.67969	0.210938	70	127
note	8.83073	0.210938	67	127
note	8.67969	0.446615	55	127
note	8.98177	0.210938	79	127
note	9.13281	0.282552	76	127
note	9.28385	0.210938	72	127
note	9.13281	0.446615	60	127
note	9.4349	0.210938	76	127
note	9.58464	0.210938	72	127
note	9.73568	0.210938	69	127
note	9.58464	0.446615	57	127
note	9.88672	0.210938	81	127
note	10.0378	0.282552	77	127
note	10.1888	0.210938	74	127
note	10.0378	0.446615	62	127
note	10.3398	0.210938	77	127
note	10.4896	0.210938	74	127
note	10.6406	0.210938	70	127
note	10.4896	0.446615	50	127
note	10.7917	0.210938	82	127
note	10.9427	0.282552	79	127
note	11.0938	0.210938	76	127
note	10.9427	0.446615	52	127
note	11.2448	0.210938	79	127
note	11.3958	0.210938	76	127
note	11.5456	0.210938	72	127
note	11.3958	0.446615	48	127
note	11.6966	0.210938	84	127
note	11.8477	0.282552	81	127
note	11.9987	0.210938	77	127
note	11.8477	0.446615	53	127
note	12.1497	0.210938	81	127
note	12.3008	0.282552	77	127
note	12.4505	0.210938	72	127
note	12.3008	0.446615	52	127
note	12.6016	0.210938	81	127
note	12.7526	0.282552	77	127
note	12.9036	0.210938	74	127
note	12.7526	0.446615	50	127
note	13.0547	0.210938	77	127
note	13.2057	0.282552	74	127
note	13.3555	0.210938	69	127
note	13.2057	0.446615	48	127
note	13.5065	0.210938	77	127
note	13.6576	0.282552	74	127
note	13.8086	0.210938	70	127
note	13.6576	0.446615	46	127
note	13.9596	0.210938	74	127
note	14.1107	0.282552	70	127
note	14.2604	0.210938	65	127
note	14.1107	0.446615	45	127
note	14.4115	0.210938	74	127
note	14.5625	0.282552	70	127
note	14.7135	0.210938	67	127
note	14.5625	0.446615	43	127
note	14.8646	0.210938	70	127
note	15.0156	0.282552	67	127
note	15.1667	0.210938	62	127
note	15.0156	0.446615	41	127
note	15.3164	0.210938	70	127
note	15.4674	0.282552	67	127
note	15.6185	0.210938	60	127
note	15.4674	0.446615	40	127
note	15.7695	0.210938	70	127
note	15.9206	0.210938	67	127
note	16.0716	0.210938	64	127
note	15.9206	0.446615	36	127
note	16.2214	0.210938	70	127
note	16.3724	0.282552	69	127
note	16.5234	0.210938	65	127
note	16.3724	0.446615	41	127
note	16.6745	0.210938	69	127
note	16.8255	0.282552	65	127
note	16.9766	0.210938	60	127
note	16.8255	0.446615	45	127
note	17.1263	0.210938	65	127
note	17.2773	0.282552	62	127
note	17.4284	0.210938	58	127
note	17.2773	0.446615	46	127
note	17.5794	0.210938	65	127
note	17.7305	0.282552	60	127
note	17.8815	0.210938	58	127
note	17.7305	0.446615	48	127
note	18.0312	0.210938	64	127
note	18.1823	0.210938	60	127
note	18.3333	0.210938	57	127
note	18.4844	0.210938	65	127
note	18.6354	0.210938	60	127
note	18.7865	0.210938	57	127
note	18.1823	0.894531	41	127
note	18.9375	0.210938	60	127
note	18.6354	0.59375	53	127
note	19.0872	0.210938	57	127
note	19.2383	0.210938	53	127
note	19.3893	0.210938	60	127
note	19.5404	0.210938	57	127
note	19.6914	0.210938	53	127
note	19.5404	0.446615	51	127
note	19.8424	0.210938	60	127
note	19.9922	0.210938	57	127
note	20.1432	0.210938	54	127
note	19.9922	0.446615	50	127
note	20.2943	0.282552	60	127
note	20.4453	0.210938	57	127
note	20.5964	0.210938	54	127
note	20.4453	0.446615	48	127
note	20.7474	0.282552	63	127
note	20.8971	0.210938	57	127
note	21.0482	0.210938	54	127
note	20.8971	0.446615	46	127
note	21.1992	0.282552	62	127
note	21.3503	0.210938	57	127
note	21.5013	0.210938	54	127
note	21.3503	0.446615	45	127
note	21.6523	0.210938	60	127
note	21.8021	0.282552	58	127
note	21.9531	0.210938	55	127
note	21.8021	0.446615	43	127
note	22.1042	0.210938	62	127
note	22.2552	0.210938	58	127
note	22.4062	0.210938	55	127
note	22.2552	0.446615	46	127
note	22.5573	0.282552	62	127
note	22.7083	0.210938	58	127
note	22.8581	0.210938	55	127
note	22.7083	0.446615	48	127
note	23.0091	0.282552	64	127
note	23.1602	0.210938	58	127
note	23.3112	0.210938	55	127
note	23.1602	0.446615	50	127
note	23.4622	0.282552	66	127
note	23.6133	0.210938	58	127
note	23.763	0.210938	55	127
note	23.6133	0.446615	51	127
note	23.9141	0.210938	67	127
note	24.0651	0.282552	62	127
note	24.2161	0.210938	58	127
note	24.0651	0.446615	46	127
note	24.3672	0.210938	67	127
note	24.5182	0.282552	63	127
note	24.668	0.210938	57	127
note	24.5182	0.446615	48	127
note	24.819	0.210938	67	127
note	24.9701	0.282552	62	127
note	25.1211	0.210938	57	127
note	24.9701	0.446615	50	127
note	25.2721	0.210938	66	127
note	25.4232	0.282552	62	127
note	25.5729	0.210938	58	127
note	25.724	0.210938	67	127
note	25.875	0.210938	62	127
note	26.026	0.210938	58	127
note	25.4232	0.894531	43	127
note	26.1771	0.210938	62	127
note	25.875	0.597656	55	127
note	26.3281	0.210938	58	127
note	26.4792	0.210938	55	127
note	26.6289	0.210938	62	127
note	26.7799	0.210938	58	127
note	26.931	0.210938	55	127
note	26.7799	0.446615	53	127
note	27.082	0.282552	62	127
note	27.2331	0.210938	59	127
note	27.3841	0.210938	56	127
note	27.2331	0.446615	52	127
note	27.5339	0.282552	62	127
note	27.6849	0.210938	59	127
note	27.8359	0.210938	56	127
note	27.6849	0.446615	50	127
note	27.987	0.282552	65	127
note	28.138	0.210938	59	127
note	28.2891	0.210938	56	127
note	28.138	0.446615	48	127
note	28.4388	0.282552	64	127
note	28.5898	0.210938	59	127
note	28.7409	0.210938	56	127
note	28.5898	0.446615	47	127
note	28.8919	0.210938	62	127
note	29.043	0.282552	60	127
note	29.194	0.210938	57	127
note	29.043	0.446615	45	127
note	29.3438	0.210938	64	127
note	29.4948	0.210938	60	127
note	29.6458	0.210938	57	127
note	29.4948	0.446615	48	127
note	29.7969	0.282552	64	127
note	29.9479	0.210938	60	127
note	30.099	0.210938	57	127
note	29.9479	0.446615	50	127
note	30.25	0.282552	66	127
note	30.3997	0.210938	60	127
note	30.5508	0.210938	57	127
note	30.3997	0.446615	52	127
note	30.7018	0.282552	68	127
note	30.8529	0.210938	60	127
note	31.0039	0.210938	57	127
note	30.8529	0.446615	53	127
note	31.1549	0.210938	69	127
note	31.3047	0.282552	64	127
note	31.4557	0.210938	60	127
note	31.3047	0.446615	48	127
note	31.6068	0.210938	69	127
note	31.7578	0.282552	65	127
note	31.9089	0.210937	59	127
note	31.7578	0.446615	50	127
note	32.0599	0.210938	69	127
note	32.2096	0.282552	64	127
note	32.3607	0.210938	59	127
note	32.2096	0.446615	52	127
note	32.5117	0.210938	68	127
note	32.6628	0.210938	64	127
note	32.8138	0.210938	60	127
note	32.9648	0.210938	69	127
note	32.6628	0.565104	45	127
note	33.1146	0.210938	64	127
note	33.2656	0.210938	60	127
note	33.1146	0.446615	57	127
note	33.4167	0.282552	72	127
note	33.5677	0.210938	65	127
note	33.7188	0.210938	62	127
note	33.5677	0.446615	57	127
note	33.8698	0.282552	70	127
note	34.0208	0.210938	67	127
note	34.1706	0.210938	64	127
note	34.0208	0.446615	55	127
note	34.3216	0.282552	70	127
note	34.4727	0.210938	69	127
note	34.6237	0.210938	65	127
note	34.7747	0.210938	69	127
note	34.4727	0.565104	53	127
note	34.9258	0.282552	60	127
note	35.0755	0.210938	57	127
note	34.9258	0.446615	41	127
note	35.2266	0.210938	69	127
note	35.3776	0.282552	62	127
note	35.5286	0.210938	59	127
note	35.3776	0.446615	41	127
note	35.6797	0.210938	67	127
note	35.8307	0.282552	64	127
note	35.9805	0.210938	61	127
note	35.8307	0.446615	40	127
note	36.1315	0.210938	67	127
note	36.2826	0.210938	65	127
note	36.4336	0.210938	62	127
note	36.2826	0.565104	38	127
note	36.5846	0.282552	74	127
note	36.7357	0.210938	69	127
note	36.8854	0.210938	65	127
note	36.7357	0.446615	50	127
note	37.0365	0.282552	77	127
note	37.1875	0.210938	70	127
note	37.3385	0.210938	67	127
note	37.1875	0.446615	50	127
note	37.4896	0.282552	75	127
note	37.6406	0.210938	72	127
note	37.7917	0.210938	69	127
note	37.6406	0.446615	48	127
note	37.9414	0.210938	75	127
note	38.0924	0.282552	74	127
note	38.2435	0.210938	70	127
note	38.3945	0.210938	74	127
note	38.0924	0.565104	46	127
note	38.5456	0.282552	65	127
note	38.6966	0.210938	62	127
note	38.5456	0.446615	58	127
note	38.8464	0.210938	74	127
note	38.9974	0.282552	67	127
note	39.1484	0.210938	64	127
note	38.9974	0.446615	58	127
note	39.2995	0.210938	72	127
note	39.4505	0.282552	69	127
note	39.6016	0.210938	66	127
note	39.4505	0.446615	57	127
note	39.7513	0.210938	72	127
note	39.9023	0.210938	70	127
note	40.0534	0.210938	67	127
note	40.2044	0.210938	74	127
note	40.3555	0.210938	70	127
note	40.5065	0.210938	67	127
note	40.6562	0.210938	79	127
note	39.9023	1.13021	55	127
note	40.8073	0.282552	75	127
note	40.9583	0.210938	67	127
note	41.1094	0.210938	79	127
note	41.2604	0.282552	74	127
note	41.4115	0.210938	67	127
note	41.2604	0.446615	58	127
note	41.5625	0.210938	79	127
note	41.7122	0.210938	73	127
note	41.8633	0.282552	69	127
note	41.7122	0.446615	57	127
note	42.0143	0.210938	79	127
note	42.1654	0.210938	76	127
note	42.3164	0.210938	73	127
note	42.1654	0.446615	55	127
note	42.4674	0.282552	82	127
note	42.6172	0.210938	76	127
note	42.7682	0.210938	73	127
note	42.6172	0.446615	53	127
note	42.9193	0.282552	81	127
note	43.0703	0.210938	76	127
note	43.2214	0.210938	73	127
note	43.3724	0.140625	79	127
note	43.0703	0.446615	52	127
note	43.5221	0.282552	77	127
note	43.6732	0.152344	74	127
note	43.5221	0.446615	50	127
note	43.8242	0.152344	69	127
note	43.9753	0.210938	65	127
note	44.1263	0.210938	62	127
note	43.9753	0.446615	53	127
note	44.2773	0.282552	69	127
note	44.4271	0.210938	65	127
note	44.5781	0.210938	62	127
note	44.4271	0.446615	55	127
note	44.7292	0.282552	71	127
note	44.8802	0.210938	65	127
note	45.0312	0.210938	62	127
note	44.8802	0.446615	57	127
note	45.1823	0.282552	73	127
note	45.3333	0.210938	65	127
note	45.4831	0.210938	62	127
note	45.3333	0.446615	58	127
note	45.6341	0.282552	74	127
note	45.7852	0.210938	65	127
note	45.9362	0.210938	62	127
note	45.7852	0.446615	53	127
note	46.0872	0.282552	69	127
note	46.2383	0.210938	65	127
note	46.388	0.210938	62	127
note	46.2383	0.446615	55	127
note	46.5391	0.282552	70	127
note	46.6901	0.210938	64	127
note	46.8411	0.210938	61	127
note	46.6901	0.446615	57	127
note	46.9922	0.282552	69	127
note	47.1432	0.210938	64	127
note	47.293	0.210938	61	127
note	47.1432	0.446615	46	127
note	47.444	0.282552	67	127
note	47.5951	0.210938	62	127
note	47.7461	0.210938	57	127
note	47.5951	0.446615	41	127
note	47.8971	0.282552	65	127
note	48.0482	0.210938	62	127
note	48.1979	0.210938	58	127
note	48.0482	0.446615	43	127
note	48.349	0.282552	64	127
note	48.5	0.210938	60	127
note	48.651	0.210938	53	127
note	48.5	0.446615	45	127
note	48.8021	0.282552	63	127
note	48.9531	0.210938	58	127
note	49.1042	0.210938	53	127
note	48.9531	0.446615	46	127
note	49.2539	0.210938	62	127
note	49.4049	0.282552	57	127
note	49.556	0.210938	53	127
note	49.4049	0.446615	41	127
note	49.707	0.210938	62	127
note	49.8581	0.282552	58	127
note	50.0091	0.210938	52	127
note	49.8581	0.446615	43	127
note	50.1589	0.210938	62	127
note	50.3099	0.282552	57	127
note	50.4609	0.210938	52	127
note	50.3099	0.446615	45	127
note	50.612	0.210938	61	127
note	50.763	0.210938	57	127
note	50.9349	0.210938	54	127
note	51.0846	0.210938	57	127
note	51.2357	0.210938	60	127
note	51.3867	0.210938	57	127
note	51.5378	0.210938	60	127
note	51.6888	0.210938	63	127
note	51.8398	0.210938	60	127
note	51.9896	0.210938	63	127
note	52.2917	0.164062	42	127
note	52.1406	0.446615	66	127
note	52.4427	0.164062	45	127
note	52.5938	0.210938	58	127
note	52.7656	0.210938	55	127
note	52.9167	0.210938	58	127
note	53.0664	0.210938	62	127
note	53.2174	0.210938	58	127
note	53.3685	0.210938	62	127
note	50.763	2.82812	38	127
note	53.5195	0.210938	67	127
note	53.6706	0.210938	62	127
note	53.8216	0.210938	67	127
note	54.1224	0.164062	55	127
note	54.2734	0.164062	58	127
note	53.9714	0.597656	70	127
note	54.5755	0.210938	67	127
note	52.5938	2.26172	50	127
note	54.8763	0.210938	70	127
note	54.7266	0.376302	76	127
note	55.0273	0.210938	67	127
note	54.4245	0.894531	61	127
note	55.3294	0.210938	70	127
note	55.1784	0.376302	79	127
note	55.4805	0.210938	67	127
note	54.8763	0.894531	50	127
note	55.7812	0.210938	70	127
note	55.6315	0.376302	76	127
note	55.9323	0.210938	67	127
note	55.3294	0.894531	61	127
note	56.2344	0.210938	70	127
note	56.0833	0.376302	73	127
note	56.3854	0.210938	67	127
note	55.7812	0.894531	50	127
note	56.6875	0.210938	70	127
note	56.5365	0.376302	76	127
note	56.8372	0.210938	67	127
note	56.2344	0.894531	61	127
note	57.1393	0.210938	70	127
note	56.9883	0.376302	79	127
note	57.2904	0.210938	67	127
note	56.6875	0.894531	50	127
note	57.5924	0.210938	70	127
note	57.4414	0.376302	76	127
note	57.7422	0.210938	67	127
note	57.1393	0.894531	61	127
note	58.0443	0.210938	69	127
note	57.8932	0.376302	73	127
note	58.1953	0.210938	66	127
note	57.5924	0.894531	50	127
note	58.4974	0.210938	69	127
note	58.3464	0.376302	74	127
note	58.6471	0.210938	66	127
note	58.0443	0.894531	60	127
note	58.9492	0.210938	69	127
note	58.7982	0.376302	75	127
note	59.1003	0.210938	66	127
note	58.4974	0.894531	50	127
note	59.4023	0.210938	69	127
note	59.2513	0.376302	74	127
note	59.5521	0.210938	66	127
note	58.9492	0.894531	60	127
note	59.8542	0.210938	69	127
note	59.7031	0.376302	72	127
note	60.0052	0.210938	66	127
note	59.4023	0.894531	50	127
note	60.3073	0.210938	69	127
note	60.1562	0.376302	74	127
note	60.4583	0.210938	66	127
note	59.8542	0.894531	60	127
note	60.7591	0.210938	69	127
note	60.6081	0.376302	75	127
note	60.9102	0.210938	66	127
note	60.3073	0.894531	50	127
note	61.2122	0.210938	69	127
note	61.0612	0.376302	74	127
note	61.3633	0.210938	66	127
note	60.7591	0.894531	60	127
note	61.513	0.210938	72	127
note	61.6641	0.210938	67	127
note	61.8151	0.210938	62	127
note	61.2122	0.894531	50	127
note	61.9661	0.210938	67	127
note	62.1172	0.210938	70	127
note	62.2682	0.210938	67	127
note	61.6641	0.894531	58	127
note	62.418	0.210938	70	127
note	62.569	0.210938	74	127
note	62.7201	0.210938	70	127
note	62.1172	0.894531	50	127
note	62.8711	0.210938	74	127
note	63.0221	0.210938	79	127
note	63.1732	0.210938	74	127
note	62.569	0.894531	58	127
note	63.3229	0.210938	79	127
note	63.474	0.210938	82	127
note	63.625	0.210938	81	127
note	63.0221	0.894531	50	127
note	63.776	0.210938	79	127
note	63.9271	0.210937	77	127
note	64.0781	0.210938	76	127
note	63.474	0.894531	55	127
note	64.2292	0.210938	74	127
note	64.3789	0.210938	73	127
note	64.5299	0.210938	69	127
note	63.9271	0.894531	50	127
note	64.681	0.210938	73	127
note	64.832	0.210938	76	127
note	64.9831	0.210938	73	127
note	64.3789	0.894531	55	127
note	65.1341	0.210938	76	127
note	65.2839	0.210938	79	127
note	65.4349	0.210938	76	127
note	64.832	0.894531	50	127
note	65.5859	0.210938	74	127
note	65.737	0.210938	73	127
note	65.888	0.210938	71	127
note	65.2839	0.894531	52	127
note	66.0391	0.210938	69	127
note	66.1888	0.210938	67	127
note	66.3398	0.210938	64	127
note	65.737	0.894531	50	127
note	66.4909	0.210938	67	127
note	66.6419	0.210938	70	127
note	66.793	0.210938	67	127
note	66.1888	0.894531	52	127
note	66.944	0.210938	70	127
note	67.0938	0.282552	73	127
note	67.2448	0.210938	67	127
note	66.6419	0.894531	50	127
note	67.3958	0.210938	76	127
note	67.5469	0.282552	73	127
note	67.6979	0.210938	70	127
note	67.0938	0.894531	52	127
note	67.849	0.210938	76	127
note	68	0.282552	73	127
note	68.1497	0.210938	69	127
note	67.5469	0.894531	50	127
note	68.3008	0.210938	76	127
note	68.4518	0.282552	73	127
note	68.6029	0.210938	67	127
note	68	0.894531	52	127
note	68.7539	0.210938	76	127
note	68.9049	0.259115	72	127
note	69.0547	0.210938	69	127
note	68.4518	0.894531	50	127
note	69.2057	0.210938	74	127
note	69.3568	0.259115	70	127
note	69.5078	0.210938	67	127
note	68.9049	0.894531	54	127
note	69.6589	0.210938	75	127
note	69.8099	0.235677	69	127
note	69.9596	0.210938	66	127
note	69.3568	0.894531	50	127
note	70.1107	0.210938	74	127
note	70.2617	0.210938	69	127
note	70.4128	0.210938	66	127
note	69.8099	0.894531	54	127
note	70.5638	0.210938	72	127
note	70.7148	0.282552	67	127
note	70.8646	0.210938	62	127
note	70.7148	0.446615	55	127
note	71.0156	0.210938	70	127
note	71.1667	0.282552	67	127
note	71.3177	0.210938	65	127
note	71.1667	0.446615	57	127
note	71.4688	0.210938	70	127
note	71.6198	0.282552	67	127
note	71.7708	0.210938	63	127
note	71.6198	0.446615	55	127
note	71.9206	0.210938	70	127
note	72.0716	0.282552	67	127
note	72.2227	0.210938	62	127
note	72.0716	0.446615	53	127
note	72.3737	0.210938	70	127
note	72.5247	0.282552	67	127
note	72.6758	0.210938	61	127
note	72.5247	0.446615	52	127
note	72.8255	0.210938	70	127
note	72.9766	0.270833	64	127
note	73.1276	0.210938	61	127
note	72.9766	0.446615	55	127
note	73.2786	0.210938	70	127
note	73.4297	0.259115	64	127
note	73.5807	0.210938	61	127
note	73.4297	0.446615	53	127
note	73.7305	0.210938	69	127
note	73.8815	0.247396	64	127
note	74.0326	0.210938	61	127
note	70.2617	4.06641	50	127
note	73.8815	0.463542	52	127
note	74.1836	0.210938	67	127
note	74.3477	0.210938	62	127
note	74.5065	0.210938	59	127
note	74.3477	0.446615	50	127
note	74.6562	0.210938	65	127
note	74.8073	0.210938	62	127
note	74.9583	0.210938	61	127
note	74.8073	0.446615	52	127
note	75.1094	0.210938	65	127
note	75.2604	0.210938	62	127
note	75.4115	0.210938	59	127
note	74.3477	1.35417	44	127
note	75.5625	0.210938	65	127
note	75.7122	0.210938	62	127
note	75.8633	0.210938	57	127
note	75.2604	0.894531	53	127
note	75.7122	0.446615	45	127
note	76.0143	0.210938	65	127
note	76.1758	0.210938	61	127
note	76.3372	0.210938	55	127
note	76.1758	0.446615	52	127
note	76.4883	0.210938	64	127
note	76.638	0.210938	61	127
note	76.7891	0.210938	58	127
note	76.638	0.446615	55	127
note	76.9401	0.210938	64	127
note	77.0911	0.210938	61	127
note	77.2422	0.210938	57	127
note	77.0911	0.446615	53	127
note	77.3932	0.210938	64	127
note	77.543	0.210938	61	127
note	77.694	0.210938	55	127
note	76.1758	1.80729	46	127
note	77.543	0.446615	52	127
note	77.8451	0.210938	64	127
note	77.9961	0.210938	59	127
note	78.168	0.210938	56	127
note	77.9961	0.446615	53	127
note	78.319	0.210938	62	127
note	78.4688	0.210938	61	127
note	78.6198	0.210938	56	127
note	78.4688	0.446615	52	127
note	78.7708	0.210938	64	127
note	78.9219	0.210938	62	127
note	79.0729	0.210938	56	127
note	77.9961	1.35417	47	127
note	79.224	0.140625	65	127
note	78.9219	0.60026	53	127
note	79.5247	0.164062	52	127
note	79.375	0.446615	46	127
note	79.6758	0.164062	50	127
note	79.375	0.597656	55	127
note	79.9779	0.210938	52	127
note	79.8268	0.446615	49	127
note	80.1497	0.210938	55	127
note	80.3008	0.210938	61	127
note	80.4505	0.210938	55	127
note	80.3008	0.446615	52	127
note	80.6016	0.210938	61	127
note	80.7526	0.210938	64	127
note	80.9036	0.210938	61	127
note	80.7526	0.446615	55	127
note	81.0547	0.210938	64	127
note	79.8268	1.49089	45	127
note	81.3555	0.164062	49	127
note	81.2057	0.446615	58	127
note	81.2057	0.446615	67	127
note	81.5065	0.164062	52	127
note	81.6576	0.210938	65	127
note	81.8294	0.210938	62	127
note	81.9805	0.210938	65	127
note	82.1315	0.210938	69	127
note	82.2812	0.210938	65	127
note	82.1315	0.446615	62	127
note	82.4323	0.210938	69	127
note	82.5833	0.210938	74	127
note	82.7344	0.210938	69	127
note	82.5833	0.446615	65	127
note	82.8854	0.210938	74	127
note	81.6576	1.49089	57	127
note	83.1875	0.164062	62	127
note	83.0365	0.446615	69	127
note	83.3372	0.164062	65	127
note	83.0365	0.597656	77	127
note	83.6602	0.210938	71	127
note	83.8112	0.210938	74	127
note	83.4883	0.678385	68	127
note	83.9622	0.210938	77	127
note	84.1133	0.210938	74	127
note	84.263	0.210938	77	127
note	84.4141	0.210938	80	127
note	84.5651	0.210938	77	127
note	84.7161	0.210938	80	127
note	85.0182	0.270833	80	127
note	84.8672	0.423177	83	127
note	85.168	0.203125	77	127
note	85.4492	0.236979	79	127
note	85.319	0.369792	82	127
note	85.582	0.182292	76	127
note	85.8398	0.227865	78	127
note	85.7148	0.355469	81	127
note	85.9674	0.177083	75	127
note	86.2188	0.22526	77	127
note	86.0951	0.351562	80	127
note	86.3451	0.175781	74	127
note	86.5951	0.22526	76	127
note	86.4714	0.351562	79	127
note	86.7214	0.175781	73	127
note	86.9714	0.22526	75	127
note	86.8477	0.351562	78	127
note	87.0977	0.175781	72	127
note	87.3464	0.22526	74	127
note	87.2227	0.351562	77	127
note	87.4727	0.175781	71	127
note	87.7227	0.22526	73	127
note	87.599	0.351562	76	127
note	87.849	0.175781	70	127
note	88.099	0.22526	72	127
note	87.9753	0.351562	75	127
note	88.2253	0.242188	69	127
note	88.3464	0.670573	74	127
note	89.0456	0.821615	47	127
note	89.0482	0.821615	53	127
note	89.0482	0.821615	50	127
note	89.0482	0.821615	56	127
note	89.0482	0.821615	65	127
note	89.0482	0.821615	74	127
note	89.0482	0.821615	71	127
note	89.0482	0.821615	62	127
note	89.8737	0.821615	45	127
note	89.875	0.821615	53	127
note	89.875	0.821615	50	127
note	89.875	0.821615	57	127
note	89.875	0.821615	65	127
note	89.875	0.821615	62	127
note	89.875	0.821615	74	127
note	89.875	0.821615	69	127
note	90.7005	0.821615	45	127
note	90.7031	0.821615	52	127
note	90.7031	0.821615	57	127
note	90.7031	0.821615	64	127
note	90.7031	0.821615	67	127
note	90.7031	0.821615	73	127
note	91.5286	5.51953	38	127
note	91.5312	5.51953	45	127
note	91.5339	5.51953	50	127
note	91.5352	5.51953	62	127
note	91.5378	5.51953	66	127
note	91.5404	5.51953	69	127
note	91.543	5.51953	74	127
note	97.3021	0.440104	62	127
note	97.7474	0.440104	64	127
note	98.1927	0.440104	65	127
note	98.638	0.440104	67	127
note	99.0833	0.440104	64	127
note	99.5299	0.21875	65	127
note	99.7539	0.21875	62	127
note	99.9766	0.21875	61	127
note	100.201	0.21875	62	127
note	100.424	0.885417	70	127
note	101.316	0.161458	69	127
note	101.465	0.161458	67	127
note	101.613	0.161458	69	127
note	101.762	0.161458	67	127
note	101.91	0.161458	65	127
note	102.059	0.161458	67	127
note	102.652	0.440104	57	127
note	102.207	1.10938	69	127
note	103.322	0.21875	67	127
note	103.098	0.442708	59	127
note	103.546	0.21875	65	127
note	103.77	0.21875	64	127
note	103.546	0.442708	61	127
note	103.993	0.21875	67	127
note	104.217	0.21875	65	127
note	103.993	0.442708	62	127
note	104.441	0.21875	64	127
note	104.665	0.21875	62	127
note	104.441	0.442708	59	127
note	104.889	0.21875	60	127
note	105.112	0.21875	57	127
note	104.889	0.442708	64	127
note	105.336	0.21875	56	127
note	105.56	0.21875	57	127
note	105.336	0.666667	72	127
note	106.008	0.21875	71	127
note	106.232	0.21875	69	127
note	106.456	0.21875	71	127
note	105.784	0.890625	65	127
note	106.68	0.161458	64	127
note	106.68	0.21875	71	127
note	106.828	0.164062	62	127
note	106.904	0.21875	69	127
note	106.979	0.161458	64	127
note	107.128	0.161458	62	127
note	107.128	0.21875	68	127
note	107.276	0.164062	61	127
note	107.352	0.21875	69	127
note	107.427	0.161458	62	127
note	107.576	0.21875	69	127
note	107.799	0.21875	67	127
note	108.023	0.21875	66	127
note	108.247	0.21875	67	127
note	107.576	1.11458	64	127
note	108.695	0.21875	62	127
note	108.919	0.21875	61	127
note	109.143	0.21875	59	127
note	108.471	0.890625	76	127
note	109.367	0.21875	62	127
note	109.59	0.21875	61	127
note	109.814	0.21875	59	127
note	110.038	0.21875	57	127
note	109.367	0.890625	67	127
note	110.262	0.440104	65	127
note	110.262	0.880208	62	127
note	110.707	0.440104	50	127
note	110.707	0.664062	74	127
note	111.376	0.21875	72	127
note	111.154	0.442708	52	127
note	111.6	0.21875	70	127
note	111.824	0.21875	69	127
note	111.6	0.442708	53	127
note	112.048	0.21875	72	127
note	112.272	0.21875	70	127
note	112.048	0.442708	55	127
note	112.496	0.21875	69	127
note	112.72	0.21875	67	127
note	112.496	0.442708	52	127
note	112.944	0.21875	53	127
note	113.168	0.21875	50	127
note	113.392	0.21875	49	127
note	113.616	0.21875	50	127
note	112.944	0.890625	69	127
note	113.392	0.666667	65	127
note	114.064	0.21875	64	127
note	114.288	0.21875	62	127
note	114.512	0.21875	64	127
note	113.84	0.890625	58	127
note	114.736	0.161458	57	127
note	114.736	0.21875	64	127
note	114.884	0.164062	55	127
note	114.96	0.21875	62	127
note	115.035	0.161458	57	127
note	115.184	0.161458	55	127
note	115.184	0.21875	61	127
note	115.332	0.164062	53	127
note	115.408	0.21875	62	127
note	115.482	0.161458	55	127
note	113.84	2.23177	67	127
note	116.077	0.440104	64	127
note	115.632	0.885417	61	127
note	115.632	1.10938	57	127
note	116.746	0.21875	55	127
note	116.522	0.442708	65	127
note	116.522	0.442708	62	127
note	116.97	0.21875	53	127
note	117.194	0.21875	52	127
note	116.97	0.442708	67	127
note	116.97	0.442708	64	127
note	117.417	0.21875	55	127
note	117.641	0.21875	53	127
note	117.417	0.442708	69	127
note	117.417	0.442708	61	127
note	117.865	0.21875	52	127
note	118.089	0.21875	50	127
note	117.865	0.442708	65	127
note	117.865	0.442708	62	127
note	118.312	0.21875	70	127
note	118.536	0.21875	67	127
note	118.312	0.442708	63	127
note	118.312	0.442708	55	127
note	118.76	0.21875	66	127
note	118.984	0.21875	67	127
note	118.76	0.442708	62	127
note	118.76	0.666667	58	127
note	119.432	0.21875	57	127
note	119.656	0.21875	55	127
note	119.88	0.21875	57	127
note	119.208	0.890625	75	127
note	119.208	0.890625	67	127
note	120.104	0.161458	74	127
note	120.104	0.21875	57	127
note	120.253	0.164062	73	127
note	120.328	0.21875	55	127
note	120.404	0.161458	74	127
note	120.552	0.161458	73	127
note	120.552	0.21875	53	127
note	120.701	0.164062	71	127
note	120.104	0.885417	64	127
note	120.776	0.21875	55	127
note	120.852	0.161458	73	127
note	121	0.21875	55	127
note	121.224	0.21875	69	127
note	121.224	0.21875	53	127
note	121.448	0.21875	67	127
note	121.448	0.21875	52	127
note	121.672	0.21875	69	127
note	121.672	0.21875	53	127
note	121	0.890625	74	127
note	121.895	0.21875	57	127
note	122.118	0.21875	55	127
note	122.342	0.21875	53	127
note	122.566	0.21875	55	127
note	121.895	0.890625	74	127
note	121.895	0.890625	65	127
note	122.79	0.161458	72	127
note	122.79	0.21875	55	127
note	122.939	0.164062	71	127
note	123.014	0.21875	53	127
note	123.09	0.161458	72	127
note	123.238	0.161458	71	127
note	123.238	0.21875	52	127
note	123.387	0.164062	69	127
note	122.79	0.885417	62	127
note	123.462	0.21875	53	127
note	123.538	0.161458	71	127
note	123.686	0.21875	53	127
note	123.91	0.21875	67	127
note	123.91	0.21875	52	127
note	124.134	0.21875	65	127
note	124.134	0.21875	50	127
note	124.358	0.21875	67	127
note	124.358	0.21875	52	127
note	123.686	0.890625	72	127
note	124.582	0.21875	55	127
note	124.806	0.21875	53	127
note	125.03	0.21875	51	127
note	125.254	0.21875	53	127
note	124.582	0.890625	72	127
note	124.582	0.890625	63	127
note	125.478	0.161458	70	127
note	125.478	0.21875	53	127
note	125.626	0.164062	69	127
note	125.702	0.21875	51	127
note	125.777	0.161458	70	127
note	125.926	0.161458	69	127
note	125.926	0.21875	50	127
note	125.478	0.670573	60	127
note	126.074	0.164062	67	127
note	126.15	0.21875	51	127
note	126.224	0.161458	69	127
note	126.372	0.21875	51	127
note	126.596	0.21875	50	127
note	126.82	0.21875	49	127
note	127.044	0.21875	50	127
note	126.82	0.442708	69	127
note	127.268	0.440104	67	127
note	127.268	0.86849	58	127
note	127.714	0.440104	65	127
note	128.159	0.161458	57	127
note	128.307	0.161458	55	127
note	128.159	0.440104	64	127
note	128.457	0.161458	57	127
note	128.605	0.161458	55	127
note	128.754	0.161458	53	127
note	128.605	0.440104	67	127
note	128.902	0.161458	55	127
note	126.372	3.11719	70	127
note	129.496	0.440104	69	127
note	129.051	0.885417	61	127
note	129.051	1.10938	57	127
note	130.165	0.21875	55	127
note	129.941	0.442708	71	127
note	129.941	0.442708	62	127
note	130.389	0.21875	53	127
note	130.613	0.21875	52	127
note	130.389	0.442708	73	127
note	130.389	0.442708	64	127
note	130.837	0.21875	55	127
note	131.061	0.21875	53	127
note	130.837	0.442708	74	127
note	131.285	0.21875	52	127
note	130.837	0.791667	57	127
note	131.508	0.216146	50	127
note	131.285	0.440104	71	127
note	131.73	0.21875	73	127
note	131.954	0.21875	69	127
note	131.73	0.442708	52	127
note	132.178	0.21875	68	127
note	132.401	0.21875	69	127
note	132.178	0.442708	64	127
note	132.178	0.442708	49	127
note	132.625	0.440104	62	127
note	132.625	0.440104	50	127
note	132.625	0.826823	77	127
note	133.072	0.442708	61	127
note	133.072	0.442708	52	127
note	133.518	0.161458	76	127
note	133.667	0.161458	74	127
note	133.518	0.440104	59	127
note	133.518	0.440104	53	127
note	133.815	0.161458	76	127
note	133.964	0.161458	74	127
note	134.113	0.161458	73	127
note	133.964	0.440104	62	127
note	133.964	0.440104	50	127
note	134.262	0.161458	74	127
note	134.41	0.21875	61	127
note	134.634	0.21875	64	127
note	134.41	0.442708	76	127
note	134.857	0.21875	65	127
note	134.41	0.670573	57	127
note	135.081	0.21875	64	127
note	134.857	0.666667	81	127
note	135.529	0.21875	79	127
note	135.305	0.442708	54	127
note	135.753	0.21875	78	127
note	135.977	0.21875	76	127
note	135.753	0.442708	52	127
note	135.305	0.890625	57	127
note	136.201	0.21875	79	127
note	136.424	0.21875	78	127
note	136.201	0.442708	50	127
note	136.648	0.21875	76	127
note	136.872	0.21875	74	127
note	136.648	0.442708	54	127
note	136.201	0.890625	60	127
note	137.096	0.21875	75	127
note	137.096	0.21875	58	127
note	137.32	0.21875	84	127
note	137.32	0.21875	62	127
note	137.544	0.21875	63	127
note	137.096	0.670573	55	127
note	137.768	0.21875	62	127
note	137.544	0.602865	82	127
note	138.216	0.21875	81	127
note	137.992	0.442708	56	127
note	138.44	0.21875	80	127
note	138.664	0.21875	78	127
note	138.44	0.442708	54	127
note	137.992	0.890625	59	127
note	138.888	0.21875	81	127
note	139.112	0.21875	80	127
note	138.888	0.442708	52	127
note	139.335	0.21875	78	127
note	139.559	0.21875	76	127
note	139.335	0.442708	56	127
note	139.783	0.21875	74	127
note	140.007	0.21875	72	127
note	138.888	1.33984	64	127
note	140.23	0.21875	71	127
note	140.454	0.21875	72	127
note	140.23	0.442708	45	127
note	140.678	0.21875	72	127
note	140.902	0.21875	71	127
note	140.678	0.442708	47	127
note	141.126	0.21875	69	127
note	141.35	0.21875	71	127
note	141.126	0.442708	48	127
note	141.574	0.21875	71	127
note	141.798	0.21875	69	127
note	141.574	0.442708	50	127
note	139.783	2.23828	57	127
note	142.022	0.21875	68	127
note	142.246	0.21875	69	127
note	142.022	0.442708	47	127
note	142.47	0.21875	49	127
note	142.694	0.21875	45	127
note	142.918	0.21875	44	127
note	143.142	0.21875	45	127
note	142.918	0.442708	57	127
note	142.47	1.11458	67	127
note	143.59	0.21875	65	127
note	143.366	0.442708	59	127
note	143.812	0.21875	64	127
note	144.036	0.21875	65	127
note	143.812	0.442708	61	127
note	143.366	0.890625	53	127
note	144.26	0.161458	52	127
note	144.26	0.21875	65	127
note	144.409	0.164062	50	127
note	144.484	0.21875	64	127
note	144.26	0.442708	62	127
note	144.56	0.161458	52	127
note	144.708	0.161458	50	127
note	144.708	0.21875	62	127
note	144.857	0.164062	48	127
note	144.932	0.21875	69	127
note	144.708	0.442708	59	127
note	145.008	0.161458	50	127
note	145.156	0.21875	60	127
note	145.38	0.21875	57	127
note	145.156	0.442708	52	127
note	145.604	0.21875	56	127
note	145.828	0.21875	57	127
note	145.604	0.442708	53	127
note	146.052	0.21875	52	127
note	146.276	0.21875	50	127
note	146.5	0.21875	48	127
note	146.052	0.873698	65	127
note	146.724	0.21875	50	127
note	146.948	0.161458	64	127
note	146.948	0.21875	50	127
note	147.096	0.164062	62	127
note	147.172	0.21875	48	127
note	147.247	0.161458	64	127
note	147.396	0.161458	62	127
note	147.396	0.21875	47	127
note	147.544	0.164062	60	127
note	147.62	0.21875	48	127
note	147.695	0.161458	62	127
note	147.844	0.440104	64	127
note	147.844	0.440104	48	127
note	148.289	0.440104	65	127
note	148.289	0.440104	50	127
note	145.156	3.79557	69	127
note	148.958	0.21875	75	127
note	148.734	0.442708	52	127
note	149.182	0.21875	76	127
note	149.406	0.21875	69	127
note	149.182	0.442708	50	127
note	148.734	1.11198	60	127
note	149.63	0.21875	72	127
note	149.854	0.161458	59	127
note	149.854	0.21875	71	127
note	149.965	0.164062	60	127
note	150.077	0.21875	69	127
note	150.301	0.21875	68	127
note	150.077	0.442708	59	127
note	149.63	0.890625	52	127
note	150.525	0.21875	69	127
note	150.749	0.21875	68	127
note	150.973	0.440104	45	127
note	150.973	0.664062	69	127
note	151.642	0.21875	67	127
note	151.418	0.442708	47	127
note	151.866	0.21875	65	127
note	152.09	0.21875	64	127
note	151.866	0.442708	49	127
note	152.314	0.21875	67	127
note	152.538	0.21875	65	127
note	152.314	0.442708	50	127
note	150.525	2.23568	57	127
note	152.762	0.21875	64	127
note	152.986	0.21875	62	127
note	152.762	0.442708	47	127
note	153.21	0.21875	49	127
note	153.434	0.21875	45	127
note	153.21	0.442708	64	127
note	153.658	0.21875	44	127
note	153.882	0.21875	45	127
note	153.658	0.442708	76	127
note	154.105	0.440104	74	127
note	154.105	0.86849	53	127
note	154.551	0.440104	73	127
note	154.996	0.161458	52	127
note	155.145	0.161458	50	127
note	154.996	0.440104	71	127
note	155.293	0.161458	52	127
note	155.441	0.161458	50	127
note	155.59	0.161458	49	127
note	155.441	0.440104	74	127
note	155.738	0.161458	50	127
note	155.887	0.21875	73	127
note	156.111	0.21875	76	127
note	156.335	0.21875	77	127
note	155.887	0.885417	57	127
note	156.559	0.21875	76	127
note	156.335	0.442708	53	127
note	156.783	0.440104	52	127
note	157.228	0.440104	50	127
note	156.783	0.885417	67	127
note	157.673	0.171875	67	127
note	157.848	0.171875	69	127
note	157.673	0.440104	49	127
note	158.118	0.440104	52	127
note	158.564	0.21875	50	127
note	158.022	0.763021	70	127
note	158.788	0.21875	69	127
note	158.788	0.21875	53	127
note	159.012	0.21875	67	127
note	159.012	0.21875	55	127
note	159.236	0.21875	69	127
note	159.236	0.21875	53	127
note	159.46	0.21875	69	127
note	159.684	0.21875	67	127
note	159.908	0.21875	65	127
note	159.46	0.873698	45	127
note	160.132	0.21875	67	127
note	160.355	0.161458	50	127
note	160.355	0.21875	67	127
note	160.504	0.164062	49	127
note	160.579	0.21875	65	127
note	160.655	0.161458	50	127
note	160.803	0.161458	49	127
note	160.803	0.21875	64	127
note	160.952	0.164062	47	127
note	161.027	0.21875	65	127
note	161.103	0.161458	49	127
note	161.701	0.44401	62	127
note	161.251	1.11849	65	127
note	162.375	0.220052	64	127
note	162.15	0.445312	60	127
note	162.6	0.220052	66	127
note	162.826	0.220052	67	127
note	162.6	0.445312	58	127
note	163.051	0.220052	66	127
note	163.276	0.220052	67	127
note	163.051	0.445312	57	127
note	163.501	0.220052	69	127
note	163.727	0.220052	67	127
note	163.501	0.445312	60	127
note	161.251	2.69531	50	127
note	163.951	0.220052	67	127
note	164.176	0.220052	69	127
note	164.401	0.220052	70	127
note	164.626	0.220052	69	127
note	164.401	0.445312	55	127
note	163.951	0.895833	58	127
note	164.852	0.220052	69	127
note	165.077	0.220052	71	127
note	164.852	0.445312	54	127
note	165.302	0.220052	72	127
note	165.527	0.220052	71	127
note	165.302	0.445312	52	127
note	165.753	0.220052	71	127
note	165.978	0.220052	73	127
note	165.753	0.445312	50	127
note	166.203	0.220052	74	127
note	164.852	1.79557	62	127
note	166.428	0.220052	73	127
note	166.203	0.445312	53	127
note	166.654	0.44401	73	127
note	166.654	0.888021	55	127
note	167.103	0.44401	81	127
note	166.654	1.11849	52	127
note	167.777	0.220052	50	127
note	167.552	0.445312	79	127
note	168.003	0.220052	49	127
note	168.228	0.220052	47	127
note	168.003	0.445312	77	127
note	168.453	0.220052	50	127
note	168.678	0.220052	49	127
note	168.453	0.445312	76	127
note	168.904	0.220052	47	127
note	169.129	0.220052	45	127
note	168.904	0.445312	79	127
note	169.354	0.220052	77	127
note	169.579	0.220052	81	127
note	169.805	0.220052	82	127
note	169.354	0.890625	50	127
note	170.029	0.220052	81	127
note	169.805	0.445312	62	127
note	170.254	0.44401	64	127
note	170.254	0.893229	73	127
note	170.704	0.44401	65	127
note	171.154	0.44401	67	127
note	171.603	0.44401	64	127
note	172.052	0.220052	65	127
note	172.277	0.220052	62	127
note	171.154	1.34375	76	127
note	172.503	0.220052	61	127
note	172.728	0.220052	62	127
note	172.503	0.445312	69	127
note	172.503	0.445312	57	127
note	172.953	0.44401	55	127
note	172.953	0.878906	70	127
note	173.402	0.44401	53	127
note	172.953	0.893229	74	127
note	173.852	0.16276	69	127
note	174.001	0.16276	67	127
note	173.852	0.44401	52	127
note	174.151	0.16276	69	127
note	174.301	0.16276	67	127
note	174.451	0.16276	66	127
note	174.301	0.44401	55	127
note	174.6	0.16276	67	127
note	174.975	0.220052	57	127
note	173.852	1.34375	72	127
note	175.201	0.220052	58	127
note	174.75	0.890625	54	127
note	175.426	0.220052	57	127
note	174.75	0.895833	69	127
note	175.201	0.670573	75	127
note	175.876	0.220052	74	127
note	176.102	0.220052	72	127
note	175.651	0.867188	54	127
note	175.651	0.867188	50	127
note	176.327	0.220052	74	127
note	176.552	0.220052	74	127
note	176.777	0.220052	72	127
note	177.001	0.220052	70	127
note	176.552	0.867188	57	127
note	176.552	0.867188	54	127
note	177.227	0.220052	72	127
note	177.452	0.220052	72	127
note	177.677	0.220052	70	127
note	177.677	0.220052	55	127
note	177.902	0.220052	69	127
note	177.902	0.220052	54	127
note	178.128	0.220052	70	127
note	178.128	0.220052	55	127
note	177.452	0.895833	43	127
note	178.353	0.220052	74	127
note	178.578	0.220052	72	127
note	178.803	0.220052	70	127
note	178.353	0.867188	52	127
note	178.353	0.867188	48	127
note	179.029	0.220052	72	127
note	179.254	0.220052	72	127
note	179.479	0.220052	70	127
note	179.704	0.220052	69	127
note	179.254	0.867188	55	127
note	179.254	0.867188	52	127
note	179.93	0.220052	70	127
note	180.155	0.220052	70	127
note	180.38	0.220052	69	127
note	180.38	0.220052	53	127
note	180.605	0.220052	67	127
note	180.605	0.220052	52	127
note	180.831	0.220052	69	127
note	180.831	0.220052	53	127
note	180.155	0.895833	41	127
note	181.056	0.220052	72	127
note	181.281	0.220052	70	127
note	181.505	0.220052	69	127
note	181.056	0.867188	50	127
note	181.056	0.867188	46	127
note	181.73	0.220052	70	127
note	181.956	0.220052	70	127
note	182.181	0.220052	69	127
note	182.406	0.220052	67	127
note	181.956	0.867188	53	127
note	181.956	0.867188	50	127
note	182.632	0.220052	69	127
note	182.857	0.220052	69	127
note	183.082	0.220052	67	127
note	183.307	0.220052	65	127
note	183.533	0.220052	67	127
note	183.307	0.445312	53	127
note	183.758	0.44401	55	127
note	183.758	0.876302	76	127
note	184.207	0.44401	57	127
note	184.656	0.16276	74	127
note	184.806	0.16276	73	127
note	184.656	0.44401	58	127
note	184.956	0.16276	74	127
note	185.105	0.16276	73	127
note	185.255	0.16276	71	127
note	185.105	0.44401	55	127
note	182.857	2.69271	52	127
note	185.405	0.16276	73	127
note	185.555	0.44401	57	127
note	185.555	0.44401	53	127
note	186.004	0.44401	53	127
note	186.004	0.44401	50	127
note	185.555	1.11849	74	127
note	186.678	0.220052	72	127
note	186.453	0.445312	55	127
note	186.453	0.445312	52	127
note	186.904	0.220052	70	127
note	187.129	0.220052	69	127
note	186.904	0.445312	57	127
note	186.904	0.445312	54	127
note	187.354	0.220052	72	127
note	187.579	0.220052	70	127
note	187.354	0.445312	55	127
note	187.805	0.220052	69	127
note	188.03	0.220052	67	127
note	187.805	0.445312	52	127
note	188.255	0.220052	54	127
note	188.48	0.220052	50	127
note	188.255	0.445312	69	127
note	188.706	0.220052	49	127
note	188.931	0.220052	50	127
note	188.706	0.445312	66	127
note	188.706	0.445312	57	127
note	189.156	0.44401	67	127
note	189.156	0.44401	58	127
note	189.156	0.44401	55	127
note	189.605	0.44401	69	127
note	189.605	0.44401	57	127
note	189.605	0.44401	54	127
note	190.055	0.44401	70	127
note	190.055	0.44401	55	127
note	190.055	0.44401	52	127
note	190.504	0.220052	69	127
note	190.729	0.220052	67	127
note	190.504	0.445312	58	127
note	190.504	0.445312	55	127
note	190.954	0.220052	69	127
note	191.18	0.186198	72	127
note	190.954	0.445312	57	127
note	190.954	0.445312	54	127
note	191.405	0.44401	58	127
note	191.405	0.44401	55	127
note	191.405	0.669271	75	127
note	192.079	0.220052	74	127
note	191.854	0.445312	57	127
note	191.854	0.445312	54	127
note	192.305	0.220052	72	127
note	192.53	0.220052	70	127
note	192.305	0.445312	55	127
note	192.305	0.445312	52	127
note	192.755	0.220052	74	127
note	192.98	0.220052	72	127
note	192.755	0.445312	54	127
note	192.755	0.445312	50	127
note	193.206	0.220052	70	127
note	193.431	0.220052	69	127
note	193.206	0.445312	57	127
note	193.206	0.445312	54	127
note	193.656	0.220052	70	127
note	193.882	0.186198	74	127
note	193.656	0.445312	55	127
note	193.656	0.445312	43	127
note	194.107	0.44401	60	127
note	194.107	0.44401	57	127
note	194.107	0.669271	77	127
note	194.781	0.220052	76	127
note	194.556	0.445312	59	127
note	194.556	0.445312	56	127
note	195.007	0.220052	74	127
note	195.23	0.220052	73	127
note	195.007	0.445312	57	127
note	195.007	0.445312	54	127
note	195.456	0.220052	76	127
note	195.681	0.220052	74	127
note	195.456	0.445312	56	127
note	195.456	0.445312	52	127
note	195.906	0.220052	73	127
note	196.132	0.220052	71	127
note	195.906	0.445312	59	127
note	195.906	0.445312	56	127
note	196.357	0.220052	73	127
note	196.582	0.186198	76	127
note	196.357	0.445312	57	127
note	196.357	0.445312	45	127
note	196.807	0.44401	65	127
note	196.807	0.44401	62	127
note	196.807	0.669271	82	127
note	197.482	0.220052	81	127
note	197.257	0.445312	64	127
note	197.257	0.445312	61	127
note	197.707	0.220052	79	127
note	197.932	0.220052	77	127
note	197.707	0.445312	62	127
note	197.707	0.445312	59	127
note	198.158	0.220052	81	127
note	198.383	0.220052	79	127
note	198.158	0.445312	61	127
note	198.158	0.445312	57	127
note	198.608	0.220052	77	127
note	198.833	0.220052	76	127
note	198.608	0.445312	64	127
note	198.608	0.445312	61	127
note	199.059	0.220052	79	127
note	199.284	0.220052	77	127
note	199.509	0.220052	76	127
note	199.059	0.890625	62	127
note	199.734	0.220052	77	127
note	199.509	0.445312	50	127
note	199.96	0.220052	77	127
note	200.185	0.220052	76	127
note	199.96	0.445312	52	127
note	200.41	0.220052	74	127
note	200.634	0.220052	76	127
note	200.41	0.445312	53	127
note	200.859	0.220052	76	127
note	201.085	0.220052	74	127
note	200.859	0.445312	55	127
note	201.31	0.220052	73	127
note	201.535	0.220052	74	127
note	201.31	0.445312	52	127
note	201.76	0.220052	54	127
note	201.986	0.220052	50	127
note	202.211	0.220052	49	127
note	202.436	0.220052	50	127
note	202.211	0.445312	62	127
note	201.76	1.12109	72	127
note	202.887	0.220052	70	127
note	202.661	0.445312	64	127
note	203.112	0.220052	69	127
note	202.661	0.878906	58	127
note	203.337	0.220052	70	127
note	203.112	0.445312	66	127
note	203.562	0.16276	57	127
note	203.562	0.220052	70	127
note	203.712	0.164062	55	127
note	203.788	0.220052	69	127
note	203.562	0.445312	67	127
note	203.863	0.16276	57	127
note	204.013	0.16276	55	127
note	204.013	0.220052	67	127
note	204.163	0.164062	53	127
note	204.238	0.220052	74	127
note	204.013	0.445312	64	127
note	204.314	0.16276	55	127
note	204.464	0.220052	65	127
note	204.689	0.220052	62	127
note	204.464	0.445312	57	127
note	204.914	0.220052	61	127
note	205.138	0.220052	62	127
note	204.914	0.445312	58	127
note	205.363	0.220052	57	127
note	205.589	0.220052	55	127
note	205.814	0.220052	53	127
note	205.363	0.878906	70	127
note	206.039	0.220052	55	127
note	206.264	0.16276	69	127
note	206.264	0.220052	55	127
note	206.414	0.164062	67	127
note	206.49	0.220052	53	127
note	206.565	0.16276	69	127
note	206.715	0.16276	67	127
note	206.715	0.220052	52	127
note	206.865	0.164062	65	127
note	206.94	0.220052	53	127
note	207.016	0.16276	67	127
note	207.165	0.472656	69	127
note	207.165	0.472656	53	127
note	207.643	0.472656	70	127
note	207.643	0.472656	55	127
note	208.121	0.182292	65	127
note	204.464	3.90104	74	127
note	208.286	0.182292	64	127
note	208.37	0.247396	80	127
note	208.121	0.496094	57	127
note	208.453	0.184896	65	127
note	208.622	0.184896	64	127
note	208.622	0.246094	81	127
note	208.79	0.182292	65	127
note	208.872	0.247396	74	127
note	208.622	0.498698	55	127
note	208.957	0.184896	64	127
note	209.125	0.184896	65	127
note	209.125	0.246094	77	127
note	209.294	0.182292	64	127
note	209.376	0.247396	76	127
note	209.46	0.184896	65	127
note	209.629	0.246094	74	127
note	209.88	0.244792	73	127
note	209.629	0.496094	64	127
note	209.125	1	57	127
note	210.13	0.596354	62	127
note	210.734	0.596354	72	127
note	210.734	0.596354	69	127
note	210.734	0.596354	54	127
note	211.337	0.596354	70	127
note	211.337	0.596354	67	127
note	211.337	0.596354	52	127
note	211.337	0.596354	55	127
note	211.941	0.596354	69	127
note	211.941	0.596354	66	127
note	211.941	0.596354	57	127
note	211.941	0.596354	54	127
note	212.546	0.596354	67	127
note	212.546	0.596354	64	127
note	212.546	0.596354	55	127
note	212.546	0.596354	58	127
note	213.15	0.596354	70	127
note	213.15	0.596354	67	127
note	213.15	0.596354	55	127
note	213.15	0.596354	52	127
note	210.13	3.61589	74	127
note	210.13	3.61589	50	127
note	213.773	4.46094	54	127
note	213.773	4.46094	50	127
note	213.773	4.46094	57	127
note	213.773	4.46094	66	127
note	213.773	4.46094	69	127
note	213.773	4.46094	62	127
note	213.773	4.46094	74	127
