note	0.0833333	0.167969	70	127
note	0.25	0.167969	68	127
note	0.416667	0.167969	70	127
note	0.583333	0.167969	68	127
note	0.0833333	1.09635	63	127
note	0.416667	0.911458	66	127
note	0.75	1.24349	70	127
note	1.19271	1.09635	63	127
note	2.02474	0.272135	70	127
note	1.43229	1.04687	66	127
note	2.30208	0.828125	75	127
note	2.30208	1.09635	63	127
note	3.13542	0.272135	78	127
note	2.50521	1.06771	66	127
note	3.41276	0.167969	71	127
note	3.58594	0.167969	70	127
note	3.75911	0.167969	71	127
note	3.93359	0.167969	70	127
note	3.41276	1.09635	63	127
note	3.58594	1.09635	68	127
note	4.10677	0.75	71	127
note	4.52214	1.09635	63	127
note	5.35547	0.272135	75	127
note	4.71875	1.07292	68	127
note	4.90885	1.04557	71	127
note	5.63281	0.828125	80	127
note	5.63281	1.09635	63	127
note	6.46484	0.272135	83	127
note	5.80599	1.09635	68	127
note	6.74219	0.182292	74	127
note	5.97917	1.09635	71	127
note	6.9375	0.182292	75	127
note	7.13281	0.182292	74	127
note	7.32812	0.182292	72	127
note	6.74219	1.09635	63	127
note	6.91667	1.09635	65	127
note	7.08984	1.09635	68	127
note	7.52344	1.04948	74	127
note	7.85286	1.09635	62	127
note	8.59245	0.364583	77	127
note	8.02604	1.09635	65	127
note	8.19922	0.934896	68	127
note	8.96224	0.179688	70	127
note	9.14714	0.179688	68	127
note	9.33333	0.179688	70	127
note	9.51823	0.179688	68	127
note	9.70312	0.179688	66	127
note	8.96224	1.09635	62	127
note	9.13672	0.923177	65	127
note	9.88802	0.179688	68	127
note	10.0729	0.179688	68	127
note	10.2578	0.179688	66	127
note	10.4427	0.179688	68	127
note	10.6276	0.179688	66	127
note	10.0729	0.911458	63	127
note	10.8125	0.179688	65	127
note	11.3568	0.171875	77	127
note	10.9974	0.898438	63	127
note	11.9453	0.272135	58	127
note	11.5299	0.75	78	127
note	11.1823	1.10677	75	127
note	12.224	0.794271	54	127
note	12.224	1.09635	66	127
note	13.056	0.272135	51	127
note	12.3971	1.09635	70	127
note	12.5703	1.09635	75	127
note	12.7435	1.09635	78	127
note	13.3333	1.09635	66	127
note	13.3333	1.10156	46	127
note	13.5065	1.09635	70	127
note	13.6797	1.09635	73	127
note	13.8542	1.09635	78	127
note	15.1419	0.14974	78	127
note	15.3021	0.14974	76	127
note	14.4427	1.09635	46	127
note	15.4622	0.14974	75	127
note	14.6172	1.09635	49	127
note	14.7904	1.09635	54	127
note	14.9635	1.09635	58	127
note	15.6224	0.828125	76	127
note	15.6224	1.09635	46	127
note	16.4557	0.272135	73	127
note	15.7956	0.951823	49	127
note	15.9701	0.807292	54	127
note	16.1432	0.66276	58	127
note	16.7331	1.09635	47	127
note	17.4271	0.539062	66	127
note	16.8711	1.09635	51	127
note	17.0104	1.09635	54	127
note	17.5651	0.585938	71	127
note	17.1484	1.09635	59	127
note	17.7044	0.606771	75	127
note	17.2878	1.09635	63	127
note	18.0508	1.09635	66	127
note	18.8828	0.272135	54	127
note	18.224	1.09635	71	127
note	18.3971	1.09635	75	127
note	19.1615	0.828125	51	127
note	19.1615	1.09635	66	127
note	19.9935	0.272135	47	127
note	19.3346	1.09635	71	127
note	19.5078	0.93099	75	127
note	20.2708	1.09635	70	127
note	20.2708	1.09635	43	127
note	20.4701	1.09635	75	127
note	20.6693	1.09635	82	127
note	22.0547	0.152344	75	127
note	22.2005	0.152344	73	127
note	21.3802	1.09635	43	127
note	22.3451	0.152344	71	127
note	21.5547	1.09635	46	127
note	21.7279	1.09635	51	127
note	21.901	1.09635	55	127
note	22.4909	0.828125	73	127
note	22.4909	1.09505	43	127
note	23.3229	0.272135	70	127
note	22.6641	0.951823	46	127
note	22.8372	0.807292	51	127
note	23.0117	0.66276	55	127
note	23.6003	0.179688	73	127
note	23.7865	0.179688	71	127
note	23.9714	0.179688	73	127
note	24.1562	0.179688	71	127
note	24.3411	0.179688	70	127
note	23.6003	1.09635	44	127
note	24.526	0.179688	68	127
note	23.7747	1.09635	47	127
note	23.9479	1.09635	51	127
note	24.1211	1.09635	56	127
note	24.7109	1.09635	75	127
note	25.543	0.272135	71	127
note	24.8841	1.09635	80	127
note	25.0573	1.09635	83	127
note	25.8203	0.828125	68	127
note	25.8203	1.09635	75	127
note	26.6536	0.272135	65	127
note	25.9948	1.09635	80	127
note	26.168	1.09635	83	127
note	26.931	1.09635	77	127
note	26.931	1.10156	62	127
note	27.1042	1.09635	80	127
note	27.2773	1.09635	83	127
note	28.6562	0.14974	82	127
note	28.8216	0.14974	80	127
note	28.9857	0.14974	78	127
note	28.0404	1.09766	62	127
note	28.2279	1.08854	65	127
note	29.151	0.179688	77	127
note	28.4154	1.06901	70	127
note	29.3359	0.179688	78	127
note	29.5208	0.179688	77	127
note	29.7057	0.179688	78	127
note	29.8906	0.179688	80	127
note	29.151	1.09635	62	127
note	30.0755	0.179688	77	127
note	29.3242	0.951823	65	127
note	29.4974	0.80599	70	127
note	30.2604	0.179688	80	127
note	30.4453	0.179688	78	127
note	30.6302	0.179688	80	127
note	30.8164	0.179688	78	127
note	31.0013	0.179688	77	127
note	30.6081	0.74349	70	127
note	30.2604	1.09635	63	127
note	31.1862	0.179688	75	127
note	30.4349	1.09635	66	127
note	31.3711	1.09635	70	127
note	32.2174	0.25651	66	127
note	31.5378	1.09635	75	127
note	31.7044	1.09635	78	127
note	31.8711	1.09635	82	127
note	32.4805	0.828125	63	127
note	32.4805	1.09635	73	127
note	33.3138	0.272135	60	127
note	32.6536	0.951823	75	127
note	32.8281	0.807292	78	127
note	33.0013	0.66276	82	127
note	33.5911	1.09635	72	127
note	33.5911	1.10156	57	127
note	33.7643	1.09635	75	127
note	33.9375	1.09635	78	127
note	34.1107	1.09635	84	127
note	35.3164	0.14974	77	127
note	35.4818	0.14974	75	127
note	35.6458	0.14974	73	127
note	34.7005	1.09635	57	127
note	34.8893	1.08203	60	127
note	35.8112	0.179688	72	127
note	35.0768	1.05599	65	127
note	35.9961	0.179688	73	127
note	36.181	0.179688	72	127
note	36.3659	0.179688	73	127
note	36.5508	0.179688	75	127
note	35.8112	1.09635	57	127
note	36.7357	0.179688	72	127
note	35.9844	1.09635	60	127
note	36.9206	0.179688	75	127
note	36.1576	1.09635	65	127
note	37.1055	0.179688	73	127
note	37.2904	0.179688	75	127
note	37.4753	0.179688	73	127
note	37.6615	0.179688	72	127
note	36.9206	1.09635	58	127
note	37.8464	0.179688	70	127
note	37.0938	1.09635	61	127
note	38.1693	0.134115	75	127
note	37.2682	1.09635	65	127
note	38.0312	0.684896	73	127
note	38.3086	0.411458	77	127
note	38.7721	0.134115	78	127
note	38.918	0.134115	77	127
note	38.0312	1.09635	58	127
note	39.0638	0.134115	75	127
note	38.2044	1.09635	61	127
note	39.2096	0.134115	73	127
note	38.5508	0.910156	70	127
note	38.3776	1.09635	65	127
note	39.349	0.134115	72	127
note	39.4883	0.134115	70	127
note	39.6263	0.134115	68	127
note	39.7656	0.272135	66	127
note	39.5573	0.602865	65	127
note	40.043	0.134115	68	127
note	39.2096	1.09635	58	127
note	40.181	0.141927	65	127
note	39.3841	1.09635	61	127
note	40.3203	0.828125	66	127
note	41.1523	0.148438	70	127
note	40.3203	1.09635	51	127
note	41.3151	0.148438	73	127
note	40.5065	1.08333	58	127
note	40.6927	1.07031	61	127
note	41.4766	0.653646	78	127
note	42.1263	0.148438	77	127
note	42.2799	0.148438	75	127
note	41.4766	1.09635	51	127
note	42.4336	0.148438	73	127
note	41.6497	1.09635	58	127
note	42.5859	0.272135	72	127
note	41.8229	1.09635	60	127
note	42.8646	0.148438	75	127
note	43.0156	0.148438	73	127
note	43.168	0.148438	72	127
note	43.319	0.148438	73	127
note	42.5859	1.09635	51	127
note	43.4857	0.200521	75	127
note	42.7604	1.09635	58	127
note	43.6966	0.272135	65	127
note	42.9336	1.09635	60	127
note	43.974	0.134115	67	127
note	44.1133	0.152344	69	127
note	44.2643	0.152344	70	127
note	44.4167	0.152344	69	127
note	44.5677	0.152344	67	127
note	43.6966	1.09635	51	127
note	44.7201	0.158854	69	127
note	43.8698	1.09635	57	127
note	44.043	1.09635	60	127
note	44.806	1.09635	49	127
note	44.9453	1.09635	53	127
note	45.7773	0.272135	65	127
note	45.0833	1.09635	58	127
note	46.0547	0.828125	66	127
note	46.0547	1.09635	51	127
note	46.888	0.272135	63	127
note	46.263	1.00911	58	127
note	47.1654	0.272135	61	127
note	47.4427	0.641927	60	127
note	47.1654	1.09635	53	127
note	48.0898	0.179688	61	127
note	48.2747	0.179688	60	127
note	48.4596	0.179688	61	127
note	48.6458	0.179688	63	127
note	48.8307	0.179688	61	127
note	45.1953	3.89974	70	127
note	49.0156	0.179688	63	127
note	48.2747	1.09635	41	127
note	49.2005	0.179688	65	127
note	48.4492	1.09635	53	127
note	49.3854	0.179688	66	127
note	49.5703	0.179688	65	127
note	49.7552	0.179688	66	127
note	49.9401	0.272135	65	127
note	49.3854	1.09635	41	127
note	49.3854	1.10677	69	127
note	49.3854	1.10677	60	127
note	50.2865	0.272135	63	127
note	49.5586	1.09635	53	127
note	50.5651	0.828125	61	127
note	50.5651	0.828125	70	127
note	50.5651	1.09635	46	127
note	50.7383	0.951823	53	127
note	50.9115	0.807292	58	127
note	51.6745	0.272135	63	127
note	51.6745	0.272135	72	127
note	51.9518	1.09635	65	127
note	52.7852	0.272135	46	127
note	52.125	1.09635	70	127
note	52.2995	1.09635	73	127
note	53.0625	0.828125	49	127
note	53.0625	1.09635	65	127
note	53.8945	0.272135	53	127
note	53.2357	1.09635	70	127
note	53.4089	1.09635	73	127
note	54.3451	0.772135	70	127
note	55.0052	0.134115	72	127
note	54.1719	1.09635	64	127
note	55.1432	0.134115	70	127
note	54.1719	1.15365	43	127
note	54.5195	0.933594	73	127
note	56.0456	0.134115	46	127
note	56.1836	0.134115	44	127
note	56.3229	0.134115	43	127
note	55.6289	1.58724	76	127
note	55.4557	1.88411	73	127
note	57.2943	0.134115	75	127
note	55.2826	2.1862	70	127
note	57.4323	0.134115	73	127
note	56.4609	1.29818	49	127
note	58.4036	0.134115	47	127
note	58.543	0.134115	46	127
note	58.681	0.272135	52	127
note	58.9583	0.272135	51	127
note	57.918	1.58724	79	127
note	59.237	0.272135	52	127
note	59.5143	0.134115	77	127
note	57.5716	2.1862	70	127
note	57.7448	2.01562	73	127
note	59.6523	0.134115	75	127
note	59.5143	0.272135	49	127
note	59.7917	0.134115	47	127
note	59.9297	0.134115	46	127
note	60.069	0.134115	44	127
note	60.2083	0.134115	46	127
note	60.3464	0.134115	47	127
note	60.4857	0.134115	44	127
note	60.6237	0.134115	46	127
note	60.763	0.134115	47	127
note	60.138	1.09375	80	127
note	59.7917	1.5625	71	127
note	59.9648	1.43229	75	127
note	61.1784	0.272135	79	127
note	61.457	0.134115	80	127
note	61.5951	0.134115	52	127
note	60.901	0.829427	40	127
note	61.7344	0.134115	51	127
note	61.7344	0.134115	82	127
note	61.8724	0.134115	49	127
note	62.3581	0.134115	83	127
note	62.5664	0.134115	82	127
note	62.7057	0.134115	83	127
note	62.0117	0.829427	51	127
note	62.8438	0.134115	82	127
note	62.0117	1.09635	75	127
note	62.8438	0.272135	49	127
note	62.9831	0.134115	83	127
note	63.1211	0.134115	82	127
note	62.1849	1.09635	79	127
note	63.2604	0.134115	83	127
note	63.3984	0.549479	82	127
note	63.1211	0.829427	51	127
note	63.1211	1.09635	73	127
note	63.9544	0.272135	39	127
note	63.9544	0.518229	80	127
note	64.2318	0.828125	44	127
note	64.2318	1.09635	71	127
note	64.4049	1.09635	75	127
note	64.5781	1.09635	80	127
note	65.4805	0.272135	83	127
note	65.7578	0.828125	77	127
note	66.5898	0.134115	78	127
note	66.5898	0.205729	59	127
note	66.7292	0.134115	80	127
note	66.8672	0.828125	53	127
note	66.8672	0.828125	74	127
note	67.7005	0.134115	54	127
note	67.7005	0.134115	75	127
note	67.8385	0.134115	56	127
note	67.8385	0.134115	77	127
note	67.9779	0.828125	50	127
note	67.9779	0.828125	70	127
note	68.8099	0.134115	51	127
note	68.8099	0.205729	80	127
note	68.9492	0.134115	53	127
note	69.0872	0.828125	46	127
note	69.0872	0.828125	74	127
note	69.9206	0.134115	75	127
note	69.9206	0.205729	56	127
note	70.0586	0.134115	77	127
note	70.1979	0.828125	70	127
note	70.1979	0.828125	50	127
note	71.0299	0.134115	51	127
note	71.0299	0.134115	72	127
note	71.1693	0.134115	53	127
note	71.1693	0.134115	74	127
note	71.3073	0.828125	75	127
note	72.1406	0.134115	73	127
note	72.2786	0.134115	71	127
note	71.3073	1.10677	42	127
note	72.418	0.828125	43	127
note	73.25	0.272135	58	127
note	72.418	1.30078	73	127
note	73.5273	0.828125	55	127
note	73.5273	1.09635	63	127
note	74.3607	0.272135	51	127
note	73.7005	1.09635	70	127
note	73.875	1.09635	73	127
note	74.9844	0.4375	73	127
note	74.8112	0.791667	70	127
note	75.4701	0.134115	71	127
note	75.6094	0.134115	70	127
note	74.638	1.29818	44	127
note	75.8867	0.171875	70	127
note	75.7474	0.829427	68	127
note	74.638	2.19922	63	127
note	76.6497	0.272135	59	127
note	76.0247	1.22005	71	127
note	76.9271	0.828125	56	127
note	76.9271	1.09635	63	127
note	77.7591	0.272135	53	127
note	77.1003	1.09635	68	127
note	77.2734	1.27734	71	127
note	78.7305	0.135417	71	127
note	78.5924	0.402344	68	127
note	78.8698	0.134115	70	127
note	78.0365	1.09635	50	127
note	79.0078	0.134115	68	127
note	78.1758	1.09635	53	127
note	78.3151	1.09635	56	127
note	78.4531	1.09635	65	127
note	79.1471	0.411458	68	127
note	79.5638	0.411458	77	127
note	79.1471	1.09635	50	127
note	79.9792	0.272135	71	127
note	79.3203	1.09635	53	127
note	80.2565	0.179688	71	127
note	79.4935	1.09635	58	127
note	80.4427	0.179688	70	127
note	80.6276	0.179688	71	127
note	80.8125	0.179688	70	127
note	80.9974	0.179688	71	127
note	80.2565	1.09505	50	127
note	81.1823	0.179688	68	127
note	80.431	0.980469	53	127
note	80.6042	1.00391	58	127
note	81.9219	0.135417	66	127
note	82.0612	0.135417	65	127
note	82.1992	0.135417	66	127
note	81.3672	1.09635	51	127
note	82.3385	0.135417	65	127
note	81.5052	1.09635	54	127
note	81.6445	1.09635	58	127
note	81.7839	1.09635	63	127
note	82.4766	0.489583	66	127
note	83.0664	0.134115	63	127
note	83.2057	0.134115	65	127
note	83.3438	0.134115	66	127
note	83.4831	0.134115	68	127
note	83.6224	0.134115	70	127
note	83.7604	0.134115	72	127
note	82.5469	1.38542	51	127
note	83.8997	0.134115	74	127
note	82.6849	1.38542	54	127
note	84.0378	0.134115	75	127
note	82.8932	1.38542	58	127
note	84.1771	0.134115	77	127
note	84.3151	0.134115	78	127
note	84.4544	0.134115	80	127
note	84.5924	0.134115	78	127
note	84.7318	0.134115	77	127
note	84.8711	0.134115	78	127
note	84.2109	0.923177	54	127
note	84.0378	1.09635	51	127
note	84.3854	0.75	58	127
note	85.0091	0.134115	75	127
note	85.9805	0.546875	71	127
note	86.5352	0.134115	71	127
note	85.8411	0.964844	68	127
note	86.6745	0.134115	69	127
note	86.1198	0.828125	76	127
note	85.2865	2.34635	47	127
note	85.1484	2.48438	44	127
note	85.5638	2.07161	56	127
note	85.4258	2.20964	52	127
note	85.7031	1.9349	64	127
note	86.8125	0.828125	68	127
note	87.6458	0.134115	69	127
note	87.7839	0.134115	71	127
note	87.9232	0.828125	64	127
note	88.7552	0.134115	66	127
note	88.8945	0.134115	68	127
note	89.0326	0.828125	62	127
note	89.8659	0.134115	65	127
note	90.0039	0.134115	68	127
note	89.0326	1.66016	44	127
note	89.207	1.66016	53	127
note	90.1432	0.828125	71	127
note	89.3802	1.66016	58	127
note	90.9753	0.134115	70	127
note	91.1146	0.134115	68	127
note	91.2526	0.828125	77	127
note	92.0859	0.134115	75	127
note	92.224	0.134115	74	127
note	92.3633	0.272135	83	127
note	92.7096	0.829427	81	127
note	93.543	0.691406	82	127
note	93.9583	1.22786	46	127
note	94.0977	1.09635	51	127
note	94.2357	1.09635	54	127
note	94.375	1.22786	58	127
note	94.513	1.10547	66	127
note	94.6523	1.10547	70	127
note	94.7917	1.38281	75	127
note	96.1784	0.135417	74	127
note	96.3177	0.135417	75	127
note	96.4557	0.135417	74	127
note	95.6237	1.09766	56	127
note	96.5951	0.135417	75	127
note	96.7331	0.135417	74	127
note	95.4844	1.4401	53	127
note	95.3464	1.58984	46	127
note	95.901	1.09635	65	127
note	95.763	1.33333	58	127
note	96.0404	1.3112	70	127
note	96.8724	0.653646	75	127
note	96.9883	1.09635	47	127
note	97.1263	1.09635	59	127
note	98.0977	0.179688	68	127
note	97.2656	1.09635	63	127
note	98.2826	0.179688	67	127
note	97.4036	1.09635	70	127
note	98.4674	0.179688	68	127
note	98.6536	0.179688	70	127
note	98.8385	0.179688	68	127
note	99.0234	0.179688	70	127
note	99.2083	0.179688	68	127
note	99.3932	0.179688	70	127
note	98.6536	1.09635	59	127
note	99.5781	0.179688	68	127
note	98.8268	1.09635	63	127
note	99.763	0.179688	70	127
note	99.9479	0.179688	68	127
note	100.133	0.179688	70	127
note	100.318	0.179688	68	127
note	100.503	0.179688	67	127
note	99.763	1.09635	59	127
note	97.543	3.32161	75	127
note	100.688	0.179688	68	127
note	99.9362	1.09635	63	127
note	100.872	0.549479	70	127
note	100.872	1.09635	55	127
note	101.047	1.09635	58	127
note	101.22	1.09635	63	127
note	101.428	1.24349	75	127
note	102.677	0.158854	75	127
note	102.855	0.16276	73	127
note	101.983	1.08594	55	127
note	102.156	1.04557	58	127
note	103.04	0.196615	71	127
note	102.329	1.0026	63	127
note	103.417	0.621094	73	127
note	103.232	0.91276	58	127
note	103.092	1.09635	55	127
note	104.064	0.272135	70	127
note	103.342	1.02734	63	127
note	104.203	1.09635	56	127
note	104.341	1.09635	59	127
note	104.758	1.23307	71	127
note	104.48	1.66016	63	127
note	106.146	0.134115	71	127
note	106.146	0.134115	63	127
note	104.62	1.66016	68	127
note	106.284	0.134115	70	127
note	106.284	0.134115	61	127
note	105.521	1.00911	52	127
note	106.423	0.134115	68	127
note	106.423	0.134115	59	127
note	106.561	0.828125	70	127
note	106.561	0.828125	61	127
note	106.561	1.09635	52	127
note	107.395	0.272135	58	127
note	107.395	0.272135	67	127
note	107.672	1.09635	59	127
note	107.845	1.09635	62	127
note	108.018	1.09635	68	127
note	107.672	1.79818	53	127
note	109.475	0.134115	54	127
note	109.615	0.134115	53	127
note	108.781	1.09635	59	127
note	109.753	0.134115	51	127
note	108.956	1.09635	62	127
note	109.129	1.09635	68	127
note	109.892	0.411458	53	127
note	110.309	0.134115	54	127
note	110.447	0.134115	56	127
note	110.586	0.134115	53	127
note	110.724	0.134115	54	127
note	109.892	1.09635	59	127
note	110.863	0.134115	56	127
note	110.065	1.09635	62	127
note	110.238	1.09635	68	127
note	111.001	1.09635	59	127
note	111.176	1.09635	65	127
note	111.349	1.09635	68	127
note	111.001	1.79818	50	127
note	112.806	0.134115	51	127
note	112.944	0.134115	50	127
note	112.112	1.09635	59	127
note	113.083	0.134115	48	127
note	112.285	1.09635	65	127
note	112.458	1.09635	68	127
note	113.221	0.411458	50	127
note	113.707	0.134115	51	127
note	113.846	0.134115	53	127
note	113.984	0.134115	50	127
note	114.124	0.134115	51	127
note	113.221	1.09635	59	127
note	114.263	0.134115	53	127
note	113.396	1.09635	65	127
note	113.569	1.09635	68	127
note	114.401	1.09635	62	127
note	114.574	1.09635	65	127
note	114.747	1.09635	68	127
note	114.401	1.79818	47	127
note	116.275	0.134115	49	127
note	116.413	0.134115	47	127
note	115.512	1.09635	62	127
note	116.552	0.134115	46	127
note	115.685	1.09635	65	127
note	116.69	0.134115	47	127
note	115.858	1.09635	68	127
note	116.829	0.134115	46	127
note	116.967	0.134115	44	127
note	117.107	0.134115	46	127
note	117.246	0.134115	47	127
note	117.384	0.134115	44	127
note	117.523	0.134115	46	127
note	116.69	1.09635	62	127
note	117.661	0.134115	47	127
note	116.865	1.09635	65	127
note	117.038	1.09635	68	127
note	117.801	1.24349	38	127
note	117.974	1.58724	62	127
note	118.32	1.2487	68	127
note	118.147	1.42188	65	127
note	118.529	1.38542	71	127
note	119.914	0.147135	70	127
note	120.065	0.147135	68	127
note	120.217	0.147135	66	127
note	120.368	0.147135	65	127
note	120.521	0.147135	63	127
note	120.672	0.147135	62	127
note	120.824	0.147135	65	127
note	120.975	0.147135	68	127
note	121.128	0.147135	71	127
note	121.28	0.147135	74	127
note	121.431	0.147135	77	127
note	121.583	0.147135	80	127
note	121.734	0.147135	83	127
note	121.887	0.147135	82	127
note	122.038	0.147135	74	127
note	122.19	0.221354	75	127
note	122.414	0.221354	74	127
note	122.638	0.691406	75	127
note	123.479	0.272135	66	127
note	123.479	0.272135	70	127
note	123.479	0.272135	51	127
note	123.479	0.272135	39	127
note	123.78	0.549479	68	127
note	123.78	0.549479	63	127
note	123.78	1.09635	46	127
note	124.335	0.549479	66	127
note	123.953	1.09635	51	127
note	124.993	0.179688	66	127
note	124.126	1.09635	54	127
note	125.178	0.179688	65	127
note	125.363	0.179688	66	127
note	124.993	0.549479	62	127
note	125.548	0.179688	65	127
note	125.734	0.179688	63	127
note	124.993	1.09505	46	127
note	125.167	0.923177	53	127
note	125.341	0.75	56	127
note	125.919	0.179688	65	127
note	126.104	1.09635	51	127
note	126.242	1.09635	55	127
note	126.382	1.09635	58	127
note	126.52	1.09635	61	127
note	126.659	1.38542	63	127
note	128.23	0.143229	65	127
note	128.389	0.143229	67	127
note	127.457	1.09635	51	127
note	128.547	0.143229	68	127
note	127.63	1.09635	55	127
note	127.803	1.09635	58	127
note	128.021	1.09635	61	127
note	128.706	0.688802	70	127
note	129.445	0.143229	64	127
note	129.268	0.429688	61	127
note	129.591	0.143229	63	127
note	128.706	1.09635	51	127
note	129.738	0.143229	61	127
note	128.879	1.09635	55	127
note	129.052	1.09635	58	127
note	129.884	0.549479	61	127
note	129.884	1.09635	51	127
note	130.098	1.05859	56	127
note	130.44	0.966146	59	127
note	131.615	0.134115	63	127
note	131.755	0.134115	65	127
note	131.896	0.134115	67	127
note	130.995	1.16927	51	127
note	132.035	0.134115	68	127
note	132.174	0.134115	70	127
note	131.204	1.16797	56	127
note	132.312	0.134115	71	127
note	132.452	0.134115	70	127
note	132.59	0.134115	68	127
note	132.729	0.134115	66	127
note	132.868	0.134115	65	127
note	133.007	0.134115	66	127
note	133.146	0.134115	68	127
note	132.312	1.09635	51	127
note	133.284	0.134115	65	127
note	132.486	1.09635	56	127
note	133.423	0.828125	62	127
note	134.324	0.134115	59	127
note	133.423	1.15365	51	127
note	134.464	0.134115	58	127
note	133.596	1.15365	53	127
note	134.603	0.828125	59	127
note	134.603	1.15365	51	127
note	135.504	0.272135	56	127
note	134.79	1.15365	53	127
note	135.781	1.15365	51	127
note	136.016	0.933594	53	127
note	136.684	0.272135	62	127
note	137.438	2.75781	63	127
note	136.961	3.29036	51	127
note	137.279	2.98307	58	127
note	137.12	3.15885	55	127
note	140.21	0.486979	63	127
note	140.862	0.96875	70	127
note	141.839	0.31901	71	127
note	142.165	0.31901	70	127
note	142.492	0.31901	68	127
note	142.819	0.31901	66	127
note	143.146	0.31901	68	127
note	143.473	0.557292	70	127
note	144.124	0.557292	63	127
note	144.776	0.96875	68	127
note	145.753	0.270833	66	127
note	146.079	0.626302	65	127
note	146.73	0.486979	70	127
note	146.73	0.970052	63	127
note	147.708	0.31901	65	127
note	147.382	0.972656	75	127
note	148.362	0.31901	78	127
note	148.035	0.645833	66	127
note	148.689	0.31901	77	127
note	149.014	0.31901	75	127
note	148.689	0.645833	68	127
note	149.341	0.31901	73	127
note	149.668	0.31901	75	127
note	149.341	0.972656	70	127
note	149.995	0.575521	77	127
note	150.322	0.31901	68	127
note	150.648	0.31901	66	127
note	150.648	0.575521	70	127
note	150.975	0.31901	65	127
note	151.301	0.31901	66	127
note	151.628	0.154948	65	127
note	151.792	0.154948	63	127
note	151.954	0.31901	65	127
note	151.301	0.972656	75	127
note	152.281	0.285156	73	127
note	152.281	0.644531	70	127
note	152.607	0.644531	72	127
note	152.934	0.320312	69	127
note	153.585	0.31901	72	127
note	153.26	0.972656	70	127
note	154.238	0.31901	68	127
note	154.565	0.31901	67	127
note	154.892	0.31901	63	127
note	153.911	1.625	73	127
note	155.544	0.31901	71	127
note	155.219	0.972656	68	127
note	156.198	0.31901	66	127
note	155.871	0.645833	70	127
note	156.525	0.31901	65	127
note	156.852	0.31901	63	127
note	156.525	0.972656	75	127
note	157.505	0.31901	74	127
note	157.178	0.645833	65	127
note	157.831	0.31901	66	127
note	157.831	0.31901	75	127
note	158.158	0.31901	68	127
note	158.158	0.31901	77	127
note	158.484	0.31901	70	127
note	158.484	0.488281	51	127
note	158.811	0.31901	72	127
note	158.484	0.645833	78	127
note	159.138	0.31901	74	127
note	159.138	0.31901	77	127
note	159.465	0.31901	75	127
note	159.465	0.31901	78	127
note	159.792	0.31901	77	127
note	159.792	0.31901	80	127
note	159.138	0.972656	58	127
note	160.117	0.31901	59	127
note	160.117	0.31901	74	127
note	160.117	0.31901	77	127
note	160.444	0.31901	58	127
note	160.444	0.31901	75	127
note	160.444	0.31901	78	127
note	160.771	0.31901	56	127
note	160.771	0.31901	77	127
note	160.771	0.31901	80	127
note	161.098	0.31901	54	127
note	161.098	0.31901	78	127
note	161.098	0.31901	82	127
note	161.424	0.31901	56	127
note	161.424	0.31901	77	127
note	161.424	0.31901	80	127
note	161.751	0.31901	75	127
note	161.751	0.31901	78	127
note	161.751	0.575521	58	127
note	162.078	0.31901	74	127
note	162.078	0.31901	77	127
note	162.404	0.31901	75	127
note	162.404	0.575521	51	127
note	162.73	0.31901	73	127
note	162.404	0.645833	78	127
note	163.057	0.31901	77	127
note	163.384	0.31901	75	127
note	163.057	0.645833	71	127
note	163.711	0.31901	74	127
note	163.057	0.972656	56	127
note	164.038	0.278646	54	127
note	163.711	0.645833	70	127
note	164.038	0.645833	75	127
note	164.365	0.635417	53	127
note	164.691	0.31901	74	127
note	164.365	0.645833	68	127
note	165.017	0.321615	75	127
note	165.346	0.321615	73	127
note	165.017	0.651042	51	127
note	165.017	0.651042	66	127
note	165.677	0.321615	68	127
note	166.007	0.321615	66	127
note	165.677	0.651042	63	127
note	165.677	0.980469	71	127
note	166.665	0.15625	70	127
note	166.829	0.15625	68	127
note	166.336	0.651042	62	127
note	166.995	0.321615	70	127
note	166.336	0.980469	65	127
note	167.324	0.15625	63	127
note	167.324	0.15625	71	127
note	167.488	0.15625	65	127
note	167.488	0.15625	73	127
note	166.995	0.651042	61	127
note	167.654	0.321615	66	127
note	167.654	0.321615	75	127
note	167.983	0.15625	68	127
note	167.983	0.15625	77	127
note	168.148	0.15625	70	127
note	168.148	0.15625	78	127
note	167.654	0.651042	60	127
note	168.312	0.321615	68	127
note	168.312	0.322917	77	127
note	168.642	0.15625	66	127
note	168.807	0.15625	68	127
note	168.312	0.651042	59	127
note	168.642	0.322917	75	127
note	168.971	0.321615	70	127
note	168.971	0.492188	58	127
note	169.301	0.272135	46	127
note	169.301	0.321615	68	127
note	168.971	0.651042	74	127
note	169.63	0.321615	66	127
note	169.63	0.321615	75	127
note	169.961	0.321615	65	127
note	169.961	0.321615	73	127
note	169.63	0.980469	51	127
note	170.29	0.321615	71	127
note	170.62	0.321615	54	127
note	170.62	0.321615	70	127
note	170.29	0.651042	63	127
note	170.949	0.321615	53	127
note	170.949	0.321615	62	127
note	170.949	0.321615	68	127
note	171.279	0.321615	51	127
note	171.279	0.321615	66	127
note	171.608	0.321615	50	127
note	171.608	0.321615	65	127
note	171.279	0.651042	63	127
note	171.938	0.321615	51	127
note	171.938	0.321615	63	127
note	171.938	0.321615	66	127
note	172.267	0.321615	62	127
note	172.267	0.580729	53	127
note	172.596	0.321615	60	127
note	172.267	0.980469	68	127
note	173.255	0.15625	66	127
note	172.926	0.582031	46	127
note	172.926	0.652344	62	127
note	173.421	0.158854	65	127
note	173.587	0.321615	63	127
note	173.587	0.321615	66	127
note	173.917	0.321615	65	127
note	173.917	0.321615	68	127
note	173.587	0.980469	51	127
note	174.576	0.295573	49	127
note	174.246	0.651042	66	127
note	174.246	0.651042	70	127
note	174.905	0.321615	68	127
note	174.905	0.321615	71	127
note	175.234	0.15625	73	127
note	175.4	0.15625	75	127
note	175.234	0.321615	66	127
note	175.564	0.321615	65	127
note	175.564	0.64974	68	127
note	175.893	0.321615	61	127
note	174.905	1.3099	47	127
note	176.552	0.321615	70	127
note	176.223	0.651042	46	127
note	176.882	0.321615	44	127
note	176.882	0.321615	71	127
note	177.211	0.321615	46	127
note	177.211	0.321615	73	127
note	176.223	1.3099	66	127
note	177.542	0.321615	47	127
note	177.542	0.321615	75	127
note	177.871	0.321615	49	127
note	177.871	0.321615	77	127
note	178.201	0.321615	51	127
note	178.201	0.321615	78	127
note	177.542	0.983073	65	127
note	178.529	0.321615	53	127
note	178.529	0.321615	80	127
note	178.858	0.321615	54	127
note	178.858	0.321615	82	127
note	179.188	0.321615	56	127
note	178.858	0.651042	63	127
note	179.517	0.321615	58	127
note	179.517	0.321615	61	127
note	179.188	0.651042	83	127
note	179.846	0.321615	56	127
note	179.846	0.321615	65	127
note	179.846	0.321615	73	127
note	180.176	0.321615	58	127
note	180.176	0.321615	66	127
note	180.505	0.321615	59	127
note	180.505	0.321615	68	127
note	180.835	0.321615	70	127
note	181.164	0.321615	71	127
note	180.835	0.651042	61	127
note	180.176	1.3099	78	127
note	181.493	0.321615	73	127
note	181.823	0.321615	71	127
note	181.493	0.651042	49	127
note	182.154	0.321615	70	127
note	181.493	1.3099	77	127
note	182.483	0.321615	68	127
note	182.154	0.651042	42	127
note	182.812	0.321615	66	127
note	182.812	0.321615	75	127
note	183.142	0.321615	65	127
note	183.142	0.321615	73	127
note	183.471	0.321615	63	127
note	183.471	0.321615	72	127
note	182.812	0.980469	54	127
note	183.801	0.321615	53	127
note	183.801	0.321615	65	127
note	183.801	0.321615	74	127
note	184.13	0.321615	51	127
note	184.13	0.321615	66	127
note	184.13	0.321615	75	127
note	184.46	0.321615	49	127
note	184.46	0.321615	70	127
note	184.46	0.321615	77	127
note	184.789	0.321615	48	127
note	184.789	0.321615	75	127
note	185.118	0.321615	46	127
note	185.118	0.321615	73	127
note	184.789	0.651042	78	127
note	185.448	0.321615	45	127
note	185.448	0.321615	77	127
note	185.777	0.321615	41	127
note	185.777	0.321615	75	127
note	186.107	0.321615	46	127
note	186.107	0.321615	73	127
note	185.448	1.3099	72	127
note	186.438	0.321615	48	127
note	186.438	0.321615	75	127
note	186.767	0.321615	49	127
note	186.767	0.321615	77	127
note	187.096	0.321615	51	127
note	187.096	0.321615	78	127
note	187.426	0.321615	53	127
note	187.755	0.321615	51	127
note	187.426	0.651042	73	127
note	186.767	1.3099	70	127
note	188.085	0.11849	73	127
note	188.194	0.11849	72	127
note	188.305	0.11849	73	127
note	188.085	0.63151	69	127
note	188.085	0.64974	53	127
note	188.414	0.321615	41	127
note	188.414	0.322917	72	127
note	188.743	0.325521	46	127
note	188.743	0.497396	58	127
note	189.078	0.325521	45	127
note	189.411	0.325521	46	127
note	189.745	0.325521	48	127
note	188.743	1.32812	70	127
note	190.079	0.325521	49	127
note	189.411	0.994792	65	127
note	190.079	0.497396	70	127
note	190.413	0.325521	48	127
note	190.413	0.325521	66	127
note	190.747	0.325521	49	127
note	190.747	0.325521	65	127
note	191.081	0.325521	51	127
note	191.081	0.325521	63	127
note	191.414	0.325521	53	127
note	191.414	0.325521	61	127
note	190.747	0.99349	77	127
note	191.749	0.325521	51	127
note	191.749	0.325521	63	127
note	191.749	0.325521	78	127
note	192.082	0.325521	49	127
note	192.082	0.325521	77	127
note	192.417	0.158854	51	127
note	192.082	0.58724	65	127
note	192.582	0.158854	53	127
note	192.417	0.324219	75	127
note	192.749	0.158854	54	127
note	192.749	0.324219	73	127
note	192.915	0.158854	53	127
note	192.749	0.585938	58	127
note	193.081	0.324219	54	127
note	193.081	0.324219	75	127
note	193.414	0.585938	77	127
note	193.414	0.657552	45	127
note	193.746	0.658854	63	127
note	194.413	0.282552	61	127
note	194.078	0.660156	46	127
note	194.078	0.988281	70	127
note	194.746	0.647135	60	127
note	194.746	0.657552	48	127
note	195.411	0.325521	49	127
note	195.078	0.658854	75	127
note	195.745	0.299479	73	127
note	195.745	0.325521	46	127
note	196.078	0.325521	53	127
note	195.411	0.99349	58	127
note	196.413	0.325521	51	127
note	196.078	0.660156	72	127
note	196.746	0.325521	50	127
note	196.413	0.660156	68	127
note	197.081	0.325521	66	127
note	196.746	0.99349	70	127
note	197.081	0.660156	51	127
note	197.747	0.325521	50	127
note	197.414	0.660156	65	127
note	198.082	0.325521	51	127
note	197.747	0.660156	80	127
note	198.415	0.325521	60	127
note	198.415	0.325521	78	127
note	198.75	0.325521	57	127
note	198.082	0.99349	63	127
note	199.083	0.325521	58	127
note	199.083	0.325521	61	127
note	198.75	0.825521	77	127
note	199.417	0.324219	54	127
note	199.417	0.324219	70	127
note	199.583	0.158854	75	127
note	199.75	0.158854	77	127
note	199.915	0.158854	78	127
note	199.75	0.324219	53	127
note	199.75	0.324219	69	127
note	200.082	0.101562	77	127
note	200.165	0.10026	75	127
note	200.249	0.10026	77	127
note	200.331	0.246094	75	127
note	200.082	0.654948	54	127
note	200.082	0.654948	70	127
note	200.579	0.158854	77	127
note	200.746	0.496094	77	127
note	200.746	0.621094	53	127
note	200.746	0.657552	69	127
note	201.41	0.665365	70	127
note	201.41	1.0026	82	127
note	202.083	0.558594	54	127
note	202.421	0.329427	83	127
note	202.083	1.0026	75	127
note	202.758	0.329427	82	127
note	203.094	0.329427	77	127
note	203.094	0.329427	80	127
note	203.431	0.329427	79	127
note	202.758	1.0026	59	127
note	203.768	0.329427	61	127
note	203.768	0.329427	80	127
note	204.104	0.329427	59	127
note	203.431	1.0026	75	127
note	204.104	0.59375	82	127
note	204.441	0.329427	58	127
note	204.441	0.329427	73	127
note	204.777	0.329427	56	127
note	204.777	0.59375	75	127
note	205.115	0.329427	55	127
note	204.777	1.0026	72	127
note	205.452	0.329427	56	127
note	205.788	0.329427	58	127
note	205.788	0.329427	73	127
note	205.452	1.0026	80	127
note	206.125	0.665365	60	127
note	206.125	0.665365	75	127
note	206.462	0.329427	78	127
note	206.798	0.329427	61	127
note	206.798	0.665365	68	127
note	207.135	0.329427	59	127
note	207.473	0.329427	58	127
note	206.798	1.33854	77	127
note	207.809	0.329427	56	127
note	208.146	0.329427	55	127
note	208.482	0.329427	51	127
note	207.473	1.33854	73	127
note	208.819	0.329427	56	127
note	208.146	1.1901	75	127
note	209.156	0.329427	58	127
note	209.492	0.329427	56	127
note	208.819	1.33854	72	127
note	209.829	0.329427	54	127
note	209.492	1.0026	80	127
note	210.167	0.329427	53	127
note	210.167	0.59375	68	127
note	210.503	0.329427	54	127
note	210.503	0.329427	82	127
note	210.84	0.329427	53	127
note	210.84	0.329427	80	127
note	211.176	0.329427	51	127
note	211.176	0.329427	78	127
note	211.513	0.329427	49	127
note	211.513	0.329427	77	127
note	210.84	1.0026	73	127
note	211.85	0.329427	59	127
note	211.85	0.329427	75	127
note	211.85	0.329427	78	127
note	212.186	0.329427	58	127
note	212.186	0.329427	73	127
note	212.186	0.665365	80	127
note	212.523	0.329427	56	127
note	212.523	0.329427	71	127
note	212.861	0.329427	54	127
note	212.861	0.329427	70	127
note	212.861	0.502604	73	127
note	213.197	0.329427	56	127
note	213.197	0.329427	71	127
note	213.534	0.329427	54	127
note	213.534	0.59375	73	127
note	213.87	0.329427	52	127
note	214.207	0.329427	51	127
note	213.534	1.0026	78	127
note	214.207	0.59375	66	127
note	214.544	0.329427	49	127
note	214.544	0.329427	76	127
note	214.88	0.329427	47	127
note	214.88	0.664062	75	127
note	215.217	0.329427	44	127
note	215.217	0.664062	80	127
note	214.88	1.0026	71	127
note	215.555	0.329427	46	127
note	215.891	0.299479	70	127
note	215.555	0.664062	73	127
note	215.891	0.329427	42	127
note	215.891	0.665365	78	127
note	216.228	0.329427	49	127
note	216.228	0.665365	68	127
note	216.565	0.329427	37	127
note	216.565	0.329427	77	127
note	216.901	0.329427	42	127
note	216.901	0.329427	66	127
note	216.901	0.484375	78	127
note	217.238	0.329427	44	127
note	217.238	0.329427	65	127
note	217.574	0.329427	46	127
note	217.574	0.329427	66	127
note	217.911	0.329427	44	127
note	217.911	0.329427	68	127
note	217.574	1.0026	73	127
note	218.249	0.329427	42	127
note	218.249	0.329427	70	127
note	218.585	0.329427	54	127
note	218.585	0.329427	68	127
note	218.585	0.329427	72	127
note	218.922	0.329427	53	127
note	218.922	0.329427	70	127
note	218.922	0.329427	73	127
note	219.259	0.329427	51	127
note	219.259	0.329427	72	127
note	219.259	0.329427	75	127
note	219.595	0.329427	73	127
note	219.595	0.329427	77	127
note	219.595	0.611979	49	127
note	219.932	0.330729	75	127
note	219.932	0.666667	71	127
note	220.607	0.329427	70	127
note	220.271	0.665365	73	127
note	220.944	0.329427	71	127
note	220.944	0.59375	80	127
note	221.28	0.329427	70	127
note	220.271	1.33854	54	127
note	221.617	0.329427	68	127
note	221.617	0.665365	53	127
note	221.954	0.329427	71	127
note	222.29	0.329427	54	127
note	221.617	1.0026	73	127
note	222.628	0.329427	53	127
note	222.628	0.329427	75	127
note	222.965	0.329427	51	127
note	223.301	0.329427	50	127
note	222.965	0.665365	77	127
note	222.29	1.67578	70	127
note	223.974	0.329427	72	127
note	223.638	0.665365	51	127
note	224.311	0.329427	46	127
note	224.311	0.329427	73	127
note	224.648	0.329427	48	127
note	224.648	0.329427	75	127
note	223.638	1.67578	78	127
note	224.984	0.665365	49	127
note	224.984	0.665365	68	127
note	225.322	0.329427	77	127
note	225.659	0.329427	75	127
note	225.995	0.329427	73	127
note	225.659	0.665365	42	127
note	225.659	1.0026	70	127
note	226.332	0.665365	44	127
note	226.332	0.665365	72	127
note	226.669	0.329427	68	127
note	227.005	0.329427	66	127
note	227.005	0.665365	46	127
note	227.005	0.665365	74	127
note	227.342	0.329427	65	127
note	227.678	0.329427	47	127
note	227.678	0.329427	63	127
note	228.016	0.329427	46	127
note	228.016	0.329427	66	127
note	228.353	0.329427	44	127
note	227.678	1.33854	75	127
note	228.689	0.329427	42	127
note	228.353	1.0026	71	127
note	229.026	0.665365	40	127
note	229.363	0.329427	70	127
note	229.699	0.329427	68	127
note	229.699	0.665365	39	127
note	229.026	1.33854	73	127
note	230.036	0.329427	67	127
note	230.372	0.329427	44	127
note	230.372	0.329427	71	127
note	230.71	0.329427	46	127
note	230.71	0.329427	73	127
note	231.047	0.329427	47	127
note	231.047	0.329427	75	127
note	231.383	0.329427	49	127
note	231.383	0.329427	76	127
note	231.72	0.329427	70	127
note	230.372	2.01302	68	127
note	232.057	0.329427	71	127
note	232.393	0.329427	73	127
note	231.72	1.0026	51	127
note	232.393	0.665365	67	127
note	232.73	0.329427	51	127
note	232.73	0.329427	75	127
note	233.068	0.329427	56	127
note	233.068	0.329427	71	127
note	233.404	0.329427	58	127
note	233.404	0.329427	70	127
note	233.068	0.665365	68	127
note	233.741	0.329427	59	127
note	233.741	0.329427	68	127
note	234.077	0.329427	56	127
note	234.077	0.329427	66	127
note	234.414	0.329427	58	127
note	233.741	1.0026	63	127
note	234.414	0.665365	65	127
note	234.751	0.329427	56	127
note	234.751	0.329427	62	127
note	235.087	0.329427	54	127
note	235.087	0.329427	63	127
note	235.087	0.329427	66	127
note	235.424	0.329427	53	127
note	235.424	0.329427	65	127
note	235.424	0.329427	68	127
note	235.762	0.329427	66	127
note	236.098	0.329427	65	127
note	235.762	0.665365	51	127
note	235.762	0.665365	70	127
note	236.435	0.329427	72	127
note	236.771	0.329427	74	127
note	236.435	0.665365	63	127
note	236.435	1.0026	56	127
note	237.445	0.161458	55	127
note	237.108	0.666667	70	127
note	237.615	0.161458	53	127
note	237.108	1.00391	75	127
note	237.783	0.665365	55	127
note	238.12	0.329427	73	127
note	237.783	1.0026	63	127
note	238.457	0.329427	56	127
note	238.457	0.329427	72	127
note	238.793	0.329427	54	127
note	238.793	0.329427	65	127
note	238.793	0.329427	74	127
note	239.13	0.329427	53	127
note	239.13	0.665365	66	127
note	239.467	0.329427	51	127
note	239.803	0.329427	53	127
note	239.13	1.33854	75	127
note	240.141	0.329427	54	127
note	240.477	0.329427	56	127
note	240.477	0.665365	74	127
note	239.803	1.33854	68	127
note	240.814	0.329427	58	127
note	241.151	0.16276	51	127
note	241.322	0.16276	63	127
note	241.151	0.333333	66	127
note	241.492	0.16276	61	127
note	241.663	0.16276	59	127
note	241.492	0.333333	68	127
note	241.151	0.674479	75	127
note	241.833	0.333333	70	127
note	241.833	0.333333	74	127
note	242.174	0.333333	72	127
note	242.174	0.333333	75	127
note	242.516	0.333333	74	127
note	242.516	0.333333	77	127
note	241.833	1.01562	58	127
note	242.857	0.333333	54	127
note	242.857	0.333333	58	127
note	242.857	0.333333	80	127
note	243.197	0.333333	56	127
note	243.197	0.333333	60	127
note	243.197	0.333333	78	127
note	243.538	0.333333	58	127
note	243.538	0.333333	62	127
note	243.538	0.333333	77	127
note	243.879	0.333333	59	127
note	243.879	0.333333	75	127
note	244.22	0.333333	58	127
note	244.22	0.333333	73	127
note	244.561	0.333333	71	127
note	243.879	1.01562	63	127
note	244.902	0.16276	70	127
note	245.073	0.16276	71	127
note	244.902	0.333333	65	127
note	244.561	0.674479	56	127
note	245.243	0.333333	70	127
note	245.585	0.333333	72	127
note	245.243	0.674479	63	127
note	245.243	0.674479	66	127
note	245.926	0.333333	65	127
note	245.926	0.333333	74	127
note	246.267	0.333333	63	127
note	246.267	0.333333	75	127
note	246.608	0.333333	62	127
note	246.608	0.333333	77	127
note	245.926	1.01562	58	127
note	246.949	0.333333	60	127
note	246.949	0.333333	63	127
note	246.949	0.333333	70	127
note	247.29	0.333333	82	127
note	247.632	0.333333	80	127
note	247.29	0.674479	62	127
note	247.973	0.333333	63	127
note	247.973	0.333333	78	127
note	247.29	1.01562	65	127
note	248.314	0.16276	63	127
note	248.484	0.16276	62	127
note	248.314	0.333333	59	127
note	248.314	0.333333	80	127
note	248.655	0.333333	54	127
note	248.655	0.333333	82	127
note	248.996	0.333333	56	127
note	248.996	0.333333	83	127
note	248.655	1.01562	63	127
note	249.678	0.333333	61	127
note	249.337	0.674479	58	127
note	249.337	0.674479	77	127
note	250.02	0.333333	59	127
note	250.361	0.333333	58	127
note	250.02	0.674479	51	127
note	250.02	0.674479	79	127
note	250.702	0.333333	56	127
note	250.702	0.333333	59	127
note	250.702	0.333333	80	127
note	251.043	0.333333	58	127
note	251.043	0.333333	63	127
note	251.043	0.333333	78	127
note	251.384	0.333333	77	127
note	251.724	0.333333	75	127
note	251.384	0.674479	59	127
note	251.384	1.01562	68	127
note	252.065	0.598958	74	127
note	252.406	0.333333	66	127
note	252.747	0.166667	75	127
note	252.747	0.333333	65	127
note	252.917	0.166667	74	127
note	253.089	0.333333	63	127
note	253.089	0.664062	75	127
note	253.771	0.333333	73	127
note	253.43	0.674479	65	127
note	254.112	0.333333	71	127
note	254.453	0.333333	70	127
note	254.112	0.674479	67	127
note	254.794	0.333333	68	127
note	254.794	0.333333	71	127
note	255.135	0.333333	66	127
note	255.135	0.333333	70	127
note	255.477	0.333333	65	127
note	255.818	0.333333	63	127
note	255.477	1.01562	68	127
note	256.5	0.16276	66	127
note	252.065	4.61719	58	127
note	256.671	0.16276	65	127
note	256.159	0.674479	46	127
note	256.159	0.674479	62	127
note	256.841	0.333333	63	127
note	256.841	0.333333	66	127
note	257.182	0.333333	65	127
note	257.182	0.333333	68	127
note	257.523	0.333333	66	127
note	256.841	1.01562	39	127
note	257.865	0.333333	38	127
note	257.865	0.333333	65	127
note	257.523	0.674479	70	127
note	258.206	0.333333	39	127
note	258.206	0.333333	66	127
note	258.547	0.333333	41	127
note	258.547	0.333333	68	127
note	258.888	0.298177	70	127
note	258.888	0.332031	42	127
note	258.206	1.01432	63	127
note	259.228	0.298177	68	127
note	259.228	0.332031	41	127
note	259.228	0.332031	62	127
note	259.566	0.333333	66	127
note	259.566	0.494792	63	127
note	259.908	0.16276	65	127
note	260.078	0.16276	63	127
note	259.566	0.674479	39	127
note	260.249	0.333333	62	127
note	260.249	0.333333	66	127
note	260.59	0.333333	68	127
note	260.249	0.674479	46	127
note	260.59	0.674479	65	127
note	261.272	0.16276	66	127
note	261.443	0.16276	65	127
note	260.931	0.674479	63	127
note	261.613	0.333333	67	127
note	260.931	1.01562	39	127
note	261.613	0.671875	70	127
note	261.954	0.332031	41	127
note	261.954	0.332031	68	127
note	262.294	0.333333	63	127
note	262.294	0.671875	70	127
note	262.635	0.332031	61	127
note	262.294	0.673177	43	127
note	262.975	0.333333	59	127
note	262.975	0.333333	63	127
note	263.316	0.333333	61	127
note	263.316	0.333333	65	127
note	262.975	0.674479	44	127
note	263.658	0.333333	63	127
note	263.999	0.333333	64	127
note	263.658	0.674479	46	127
note	263.658	0.674479	67	127
note	264.34	0.333333	47	127
note	264.681	0.333333	49	127
note	264.34	0.674479	63	127
note	264.34	0.674479	68	127
note	265.021	0.333333	47	127
note	265.362	0.333333	46	127
note	265.021	0.674479	80	127
note	265.703	0.333333	44	127
note	265.021	1.01562	56	127
note	266.044	0.333333	46	127
note	266.044	0.333333	55	127
note	266.385	0.333333	47	127
note	266.385	0.333333	56	127
note	265.703	1.01562	75	127
note	266.727	0.16276	52	127
note	266.897	0.16276	49	127
note	266.727	0.333333	58	127
note	266.727	0.333333	73	127
note	267.068	0.333333	59	127
note	267.409	0.333333	58	127
note	267.068	0.674479	56	127
note	267.75	0.333333	47	127
note	267.068	1.01562	75	127
note	268.091	0.333333	49	127
note	268.091	0.333333	77	127
note	267.75	0.674479	56	127
note	268.432	0.333333	51	127
note	268.432	0.619792	63	127
note	268.773	0.333333	50	127
note	269.115	0.333333	51	127
note	268.432	1.01562	78	127
note	269.456	0.333333	53	127
note	269.456	0.333333	77	127
note	269.797	0.333333	54	127
note	269.115	1.01562	58	127
note	270.138	0.333333	56	127
note	270.138	0.333333	59	127
note	269.797	0.674479	75	127
note	270.479	0.333333	53	127
note	270.82	0.333333	55	127
note	270.479	0.674479	82	127
note	271.161	0.333333	56	127
note	270.479	1.01562	61	127
note	271.503	0.333333	58	127
note	271.503	0.333333	73	127
note	271.844	0.333333	56	127
note	271.844	0.333333	71	127
note	271.161	1.01562	75	127
note	272.185	0.333333	54	127
note	272.185	0.333333	70	127
note	272.185	0.333333	75	127
note	272.526	0.333333	53	127
note	272.526	0.333333	68	127
note	272.526	0.333333	74	127
note	272.867	0.333333	51	127
note	272.867	0.333333	66	127
note	272.867	0.333333	75	127
note	273.208	0.333333	50	127
note	273.208	0.333333	68	127
note	273.208	0.333333	77	127
note	273.548	0.333333	59	127
note	273.548	0.333333	65	127
note	273.548	0.333333	74	127
note	273.889	0.333333	58	127
note	273.889	0.333333	66	127
note	273.889	0.333333	75	127
note	274.23	0.333333	56	127
note	274.23	0.333333	68	127
note	274.23	0.333333	77	127
note	274.572	0.333333	54	127
note	274.572	0.333333	70	127
note	274.572	0.333333	78	127
note	274.913	0.333333	53	127
note	274.913	0.333333	80	127
note	275.254	0.333333	51	127
note	275.254	0.333333	82	127
note	274.913	0.674479	68	127
note	275.595	0.16276	66	127
note	275.766	0.16276	65	127
note	275.595	0.333333	49	127
note	275.595	0.333333	70	127
note	275.936	0.333333	66	127
note	275.936	0.333333	75	127
note	276.277	0.333333	68	127
note	276.277	0.333333	77	127
note	275.936	0.674479	47	127
note	276.618	0.636719	74	127
note	276.618	0.674479	46	127
note	276.618	0.674479	70	127
note	277.322	0.608073	58	127
note	277.322	1.02604	51	127
note	278.012	0.606771	70	127
note	278.355	0.335938	52	127
note	278.699	0.335938	51	127
note	278.012	1.02344	63	127
note	279.043	0.335938	64	127
note	279.043	0.335938	49	127
note	279.387	0.335938	63	127
note	279.387	0.335938	47	127
note	278.699	1.02344	75	127
note	279.73	0.335938	76	127
note	279.73	0.335938	61	127
note	279.73	0.335938	49	127
note	280.076	0.335938	75	127
note	280.076	0.335938	59	127
note	280.419	0.335938	73	127
note	280.419	0.335938	61	127
note	280.076	0.679688	51	127
note	280.763	0.335938	71	127
note	280.763	0.335938	44	127
note	280.763	0.606771	63	127
note	281.107	0.335938	73	127
note	281.107	0.335938	46	127
note	281.451	0.335938	56	127
note	281.451	0.606771	75	127
note	281.451	0.679688	47	127
note	281.796	0.335938	54	127
note	282.139	0.335938	68	127
note	282.483	0.164062	70	127
note	282.655	0.164062	71	127
note	282.139	0.679688	53	127
note	282.139	0.679688	49	127
note	282.827	0.335938	70	127
note	283.171	0.335938	71	127
note	282.827	0.679688	61	127
note	282.827	1.02344	42	127
note	283.514	0.679688	73	127
note	283.859	0.335938	41	127
note	283.514	1.02344	54	127
note	284.203	0.335938	42	127
note	284.547	0.335938	53	127
note	284.547	0.335938	44	127
note	284.891	0.335938	54	127
note	284.891	0.335938	46	127
note	284.203	1.02344	66	127
note	285.234	0.335938	65	127
note	285.234	0.335938	56	127
note	285.234	0.335938	44	127
note	285.578	0.335938	66	127
note	285.578	0.335938	58	127
note	285.578	0.335938	42	127
note	285.923	0.335938	68	127
note	285.923	0.335938	56	127
note	285.923	0.335938	52	127
note	286.267	0.335938	70	127
note	286.611	0.335938	68	127
note	286.267	0.679688	54	127
note	286.954	0.335938	59	127
note	287.298	0.335938	58	127
note	286.954	0.679688	66	127
note	286.267	1.71224	51	127
note	287.987	0.335938	49	127
note	287.643	0.679688	56	127
note	288.331	0.335938	47	127
note	288.674	0.335938	46	127
note	288.331	0.679688	73	127
note	287.643	1.71224	76	127
note	289.362	0.335938	74	127
note	289.018	0.679688	47	127
note	289.707	0.335938	59	127
note	290.051	0.335938	58	127
note	289.018	1.36849	66	127
note	290.395	0.335938	71	127
note	290.395	0.335938	56	127
note	289.707	1.02344	75	127
note	290.738	0.335938	78	127
note	290.738	0.335938	70	127
note	290.738	0.335938	58	127
note	291.082	0.335938	77	127
note	291.082	0.335938	68	127
note	291.082	0.335938	59	127
note	291.427	0.335938	75	127
note	291.427	0.335938	66	127
note	291.427	0.335938	56	127
note	291.771	0.335938	65	127
note	291.771	0.678385	74	127
note	292.115	0.335938	77	127
note	292.115	0.335938	63	127
note	292.458	0.335938	62	127
note	291.771	1.02344	58	127
note	292.802	0.335938	65	127
note	292.802	0.335938	56	127
note	293.146	0.335938	58	127
note	293.146	0.335938	54	127
note	292.458	1.02344	82	127
note	293.491	0.335938	83	127
note	293.491	0.335938	68	127
note	293.491	0.335938	56	127
note	293.835	0.335938	82	127
note	293.835	0.335938	66	127
note	294.178	0.335938	80	127
note	294.178	0.335938	65	127
note	293.835	0.679688	58	127
note	294.522	0.335938	78	127
note	294.522	0.335938	51	127
note	294.866	0.335938	80	127
note	294.866	0.335938	53	127
note	294.522	0.679688	63	127
note	295.211	0.335938	75	127
note	295.555	0.335938	73	127
note	295.211	0.679688	82	127
note	295.211	0.679688	55	127
note	295.898	0.335938	71	127
note	295.898	0.335938	56	127
note	296.242	0.335938	70	127
note	296.242	0.335938	54	127
note	295.898	0.679688	75	127
note	296.586	0.335938	68	127
note	296.586	0.335938	53	127
note	296.93	0.335938	71	127
note	296.93	0.335938	51	127
note	296.586	1.02344	80	127
note	297.275	0.335938	70	127
note	297.275	0.335938	50	127
note	297.618	0.335938	78	127
note	297.618	0.335938	51	127
note	297.962	0.335938	46	127
note	297.618	0.679688	75	127
note	298.306	0.335938	58	127
note	297.962	0.679688	77	127
note	298.65	0.335938	59	127
note	298.306	0.679688	73	127
note	298.65	0.679688	75	127
note	298.995	0.335938	51	127
note	299.339	0.335938	53	127
note	298.995	0.679688	71	127
note	299.682	0.335938	55	127
note	299.339	0.679688	73	127
note	300.026	0.335938	56	127
note	299.682	0.679688	70	127
note	300.37	0.335938	53	127
note	300.026	0.679688	71	127
note	300.714	0.335938	50	127
note	300.37	0.679688	68	127
note	300.714	0.679688	70	127
note	301.059	0.335938	51	127
note	301.402	0.335938	48	127
note	301.059	0.679688	66	127
note	301.746	0.335938	50	127
note	301.402	0.679688	68	127
note	301.746	0.679688	65	127
note	302.09	0.678385	51	127
note	302.434	0.335938	63	127
note	302.434	0.335938	39	127
note	302.09	0.679688	66	127
note	302.777	0.339844	62	127
note	302.777	0.342448	65	127
note	303.126	0.6875	65	127
note	303.823	0.339844	72	127
note	302.777	1.38542	46	127
note	304.172	0.339844	74	127
note	303.475	1.03646	70	127
note	304.52	0.339844	75	127
note	304.52	0.339844	71	127
note	304.868	0.339844	70	127
note	305.216	0.339844	68	127
note	304.172	1.38542	58	127
note	305.565	0.339844	66	127
note	304.868	1.03646	77	127
note	305.913	0.339844	75	127
note	305.913	0.339844	68	127
note	306.262	0.166667	73	127
note	306.436	0.166667	71	127
note	306.611	0.166667	73	127
note	306.786	0.166667	79	127
note	306.961	0.166667	80	127
note	307.135	0.166667	82	127
note	305.565	2.07031	63	127
note	306.262	1.38932	70	127
note	307.31	0.688802	83	127
note	308.007	0.166667	82	127
note	308.182	0.166667	80	127
note	307.659	0.690104	64	127
note	308.357	0.339844	82	127
note	307.659	1.03906	68	127
note	308.706	0.339844	75	127
note	308.706	0.339844	67	127
note	308.357	0.688802	63	127
note	309.053	0.339844	77	127
note	309.053	0.339844	65	127
note	309.402	0.339844	79	127
note	309.402	0.339844	64	127
note	309.053	0.688802	61	127
note	309.75	0.339844	63	127
note	310.099	0.339844	71	127
note	309.75	0.688802	59	127
note	310.447	0.339844	70	127
note	310.796	0.339844	68	127
note	310.447	0.688802	61	127
note	309.75	1.38542	80	127
note	311.143	0.339844	67	127
note	311.143	0.342448	63	127
note	311.667	0.166667	65	127
note	311.143	0.690104	82	127
note	311.841	0.339844	67	127
note	312.19	0.166667	68	127
note	312.365	0.166667	70	127
note	311.492	1.04427	63	127
note	311.841	1.04036	75	127
note	312.542	0.342448	71	127
note	312.889	0.6875	71	127
note	313.238	0.339844	73	127
note	313.586	0.339844	75	127
note	313.586	0.339844	70	127
note	312.542	1.38542	56	127
note	313.935	0.339844	76	127
note	313.935	0.339844	68	127
note	314.283	0.339844	75	127
note	314.283	0.339844	67	127
note	314.632	0.339844	68	127
note	314.979	0.339844	70	127
note	314.632	0.688802	73	127
note	315.328	0.339844	63	127
note	315.328	0.614583	80	127
note	315.676	0.339844	65	127
note	313.935	2.08203	61	127
note	316.025	0.339844	67	127
note	316.372	0.339844	68	127
note	316.025	0.688802	59	127
note	316.721	0.166667	70	127
note	316.896	0.166667	71	127
note	316.025	1.03906	75	127
note	317.07	0.339844	77	127
note	317.07	0.688802	73	127
note	317.767	0.166667	71	127
note	317.943	0.166667	70	127
note	317.419	0.690104	79	127
note	316.721	1.38802	58	127
note	318.117	0.339844	80	127
note	318.117	0.632812	56	127
note	318.465	0.339844	82	127
note	318.117	0.6875	71	127
note	318.814	0.339844	80	127
note	319.161	0.339844	78	127
note	319.51	0.339844	77	127
note	318.814	1.03646	61	127
note	319.858	0.339844	78	127
note	319.858	0.339844	63	127
note	320.207	0.339844	61	127
note	320.555	0.339844	59	127
note	319.51	1.38542	68	127
note	320.904	0.339844	58	127
note	320.207	1.03646	80	127
note	321.253	0.339844	78	127
note	321.253	0.339844	59	127
note	321.6	0.339844	77	127
note	321.949	0.166667	78	127
note	322.124	0.166667	80	127
note	321.6	0.690104	61	127
note	322.298	0.166667	82	127
note	322.473	0.166667	80	127
note	322.298	0.690104	54	127
note	320.904	2.08464	73	127
note	322.648	0.688802	82	127
note	323.345	0.166667	80	127
note	323.52	0.166667	78	127
note	322.996	0.690104	75	127
note	323.694	0.339844	77	127
note	322.996	1.03906	59	127
note	324.043	0.339844	58	127
note	323.694	0.688802	73	127
note	324.043	0.688802	78	127
note	324.74	0.339844	77	127
note	324.391	0.688802	71	127
note	324.391	0.688802	56	127
note	325.087	0.339844	78	127
note	325.087	0.339844	54	127
note	325.436	0.339844	73	127
note	325.436	0.339844	52	127
note	325.087	0.688802	70	127
note	325.784	0.166667	51	127
note	325.96	0.166667	49	127
note	326.134	0.166667	51	127
note	326.309	0.166667	52	127
note	325.784	0.691406	71	127
note	326.484	0.339844	46	127
note	325.784	1.04036	78	127
note	326.832	0.339844	80	127
note	326.832	0.339844	42	127
note	327.181	0.339844	78	127
note	327.181	0.339844	44	127
note	327.529	0.339844	76	127
note	327.529	0.339844	46	127
note	326.484	1.38542	73	127
note	327.878	0.339844	75	127
note	327.878	0.339844	47	127
note	328.225	0.339844	76	127
note	328.225	0.339844	49	127
note	328.574	0.339844	51	127
note	328.922	0.166667	52	127
note	329.098	0.166667	54	127
note	327.878	1.38672	66	127
note	329.272	0.339844	56	127
note	329.62	0.166667	58	127
note	329.796	0.166667	59	127
note	328.574	1.38802	78	127
note	329.97	0.339844	49	127
note	330.319	0.166667	51	127
note	330.493	0.166667	52	127
note	330.668	0.339844	42	127
note	329.97	1.03906	76	127
note	331.017	0.339844	75	127
note	329.272	2.08464	71	127
note	331.017	0.688802	54	127
note	331.714	0.339844	55	127
note	331.365	0.688802	73	127
note	331.365	0.688802	70	127
note	332.061	0.339844	56	127
note	332.41	0.339844	55	127
note	332.061	0.688802	71	127
note	332.758	0.339844	56	127
note	333.107	0.339844	58	127
note	332.061	1.38542	68	127
note	333.454	0.339844	59	127
note	332.758	1.03646	76	127
note	333.803	0.339844	74	127
note	333.803	0.339844	58	127
note	333.454	0.688802	66	127
note	334.151	0.339844	56	127
note	334.5	0.339844	54	127
note	334.848	0.339844	53	127
note	334.151	1.03646	71	127
note	334.151	1.03906	75	127
note	335.197	0.339844	75	127
note	335.197	0.339844	54	127
note	335.544	0.339844	73	127
note	335.544	0.339844	53	127
note	335.893	0.339844	71	127
note	335.893	0.339844	51	127
note	336.241	0.339844	70	127
note	336.241	0.339844	50	127
note	335.544	1.03646	80	127
note	336.59	0.166667	62	127
note	336.764	0.166667	63	127
note	336.59	0.342448	80	127
note	336.59	0.342448	71	127
note	336.939	0.339844	79	127
note	336.939	0.339844	64	127
note	337.288	0.339844	58	127
note	336.939	0.688802	73	127
note	337.635	0.339844	59	127
note	337.288	0.688802	78	127
note	337.984	0.339844	78	127
note	337.984	0.339844	60	127
note	337.635	0.688802	68	127
note	338.332	0.339844	77	127
note	338.332	0.339844	61	127
note	338.681	0.339844	76	127
note	338.681	0.339844	58	127
note	338.332	1.03646	73	127
note	339.03	0.339844	55	127
note	339.378	0.339844	71	127
note	339.03	0.688802	75	127
note	339.378	0.688802	56	127
note	340.074	0.339844	55	127
note	339.727	0.688802	73	127
note	340.423	0.339844	56	127
note	339.727	1.03646	70	127
note	340.771	0.339844	63	127
note	340.771	0.339844	54	127
note	341.12	0.339844	52	127
note	340.423	1.03646	71	127
note	341.467	0.339844	71	127
note	341.467	0.339844	51	127
note	341.816	0.339844	49	127
note	341.12	1.03646	68	127
note	342.164	0.339844	68	127
note	342.164	0.339844	50	127
note	342.513	0.339844	51	127
note	341.816	1.03646	70	127
note	342.861	0.339844	78	127
note	342.861	0.339844	46	127
note	343.21	0.339844	47	127
note	342.513	1.03646	66	127
note	343.557	0.339844	66	127
note	343.557	0.339844	48	127
note	343.906	0.339844	64	127
note	343.906	0.339844	49	127
note	344.254	0.339844	63	127
note	344.254	0.339844	44	127
note	343.21	1.73438	68	127
note	344.951	0.166667	66	127
note	345.125	0.166667	65	127
note	344.603	0.690104	62	127
note	345.301	0.339844	66	127
note	345.648	0.339844	68	127
note	344.603	1.39062	46	127
note	345.301	1.03906	63	127
note	346.346	0.166667	62	127
note	346.346	0.339844	53	127
note	345.999	0.6875	46	127
note	346.522	0.165365	60	127
note	346.695	0.339844	62	127
note	347.043	0.339844	65	127
note	345.999	1.38542	70	127
note	346.695	1.04167	58	127
note	347.745	0.345052	59	127
note	347.392	1.04948	70	127
note	348.098	0.345052	58	127
note	348.449	0.345052	71	127
note	348.449	0.345052	56	127
note	347.392	1.40234	77	127
note	348.802	0.345052	54	127
note	349.155	0.345052	56	127
note	348.802	1.04948	70	127
note	349.861	0.345052	68	127
note	349.508	0.697917	58	127
note	350.214	0.345052	51	127
note	350.566	0.167969	53	127
note	350.742	0.167969	54	127
note	348.802	2.10807	82	127
note	350.214	1.04948	66	127
note	351.271	0.345052	68	127
note	350.918	0.697917	83	127
note	350.918	1.04948	56	127
note	351.977	0.345052	54	127
note	351.624	0.697917	82	127
note	352.329	0.345052	53	127
note	352.682	0.345052	62	127
note	352.329	0.697917	80	127
note	351.624	1.75521	70	127
note	353.387	0.167969	65	127
note	353.564	0.167969	66	127
note	353.034	0.697917	78	127
note	353.034	0.697917	63	127
note	353.74	0.345052	65	127
note	354.092	0.345052	63	127
note	353.74	0.697917	80	127
note	353.74	1.04948	68	127
note	354.445	0.345052	62	127
note	354.798	0.345052	66	127
note	354.798	0.697917	63	127
note	355.15	0.697917	65	127
note	354.445	1.40234	82	127
note	355.855	0.345052	67	127
note	355.503	0.697917	61	127
note	356.208	0.167969	63	127
note	356.384	0.167969	64	127
note	356.208	0.345052	58	127
note	355.855	1.40234	75	127
note	356.914	0.345052	61	127
note	357.266	0.345052	59	127
note	356.561	1.05208	63	127
note	357.618	0.345052	64	127
note	357.618	0.345052	61	127
note	357.971	0.345052	63	127
note	357.971	0.345052	59	127
note	358.324	0.345052	61	127
note	358.324	0.345052	58	127
note	358.677	0.345052	59	127
note	358.677	0.345052	56	127
note	357.266	2.10807	80	127
note	359.03	0.345052	61	127
note	359.03	0.345052	54	127
note	359.383	0.345052	52	127
note	359.734	0.345052	51	127
note	359.383	0.697917	78	127
note	359.383	0.697917	63	127
note	360.087	0.345052	56	127
note	360.44	0.167969	61	127
note	360.616	0.167969	59	127
note	360.087	0.697917	49	127
note	360.793	0.345052	58	127
note	360.087	1.40234	76	127
note	361.146	0.345052	56	127
note	360.793	1.04948	61	127
note	361.499	0.345052	55	127
note	361.85	0.345052	59	127
note	361.85	0.697917	56	127
note	362.556	0.358073	54	127
note	362.203	0.710938	58	127
note	361.499	1.42057	75	127
note	363.288	0.348958	71	127
note	362.924	1.0625	56	127
note	364.003	0.348958	58	127
note	362.924	1.77734	53	127
note	363.645	1.0625	68	127
note	364.359	0.348958	59	127
note	364.716	0.348958	54	127
note	364.716	0.348958	58	127
note	364.716	0.348958	70	127
note	365.073	0.348958	53	127
note	365.073	0.348958	56	127
note	365.43	0.348958	51	127
note	365.43	0.348958	54	127
note	365.073	1.0625	71	127
note	366.145	0.348958	68	127
note	365.786	1.0625	53	127
note	366.858	0.348958	54	127
note	367.215	0.348958	56	127
note	366.501	1.0625	65	127
note	365.786	1.77734	50	127
note	367.572	0.348958	51	127
note	367.572	0.348958	54	127
note	367.572	0.348958	66	127
note	367.928	0.348958	50	127
note	367.928	0.348958	53	127
note	368.286	0.348958	48	127
note	368.286	0.348958	51	127
note	367.928	1.0625	68	127
note	369	0.348958	65	127
note	368.643	1.0625	50	127
note	369.714	0.348958	51	127
note	369.357	1.06771	62	127
note	368.643	1.78125	46	127
note	370.432	0.352865	44	127
note	370.432	0.352865	62	127
note	370.07	0.714844	53	127
note	370.793	0.352865	42	127
note	370.793	0.352865	54	127
note	370.793	0.352865	63	127
note	371.155	0.352865	41	127
note	371.155	0.352865	56	127
note	371.155	0.352865	65	127
note	371.516	0.365885	39	127
note	371.516	0.365885	58	127
note	371.516	0.365885	66	127
note	371.891	0.365885	49	127
note	371.891	0.365885	58	127
note	371.891	0.365885	67	127
note	372.264	0.365885	47	127
note	372.264	0.365885	59	127
note	372.264	0.365885	68	127
note	372.639	0.365885	46	127
note	372.639	0.365885	61	127
note	372.639	0.365885	70	127
note	373.013	0.38151	44	127
note	373.013	0.38151	63	127
note	373.013	0.38151	71	127
note	373.404	0.38151	54	127
note	373.404	0.38151	63	127
note	373.404	0.38151	72	127
note	373.794	0.38151	53	127
note	373.794	0.38151	65	127
note	373.794	0.38151	74	127
note	374.184	0.38151	51	127
note	374.184	0.38151	66	127
note	374.184	0.38151	75	127
note	374.574	0.910156	65	127
note	375.035	0.451823	71	127
note	374.574	0.91276	75	127
note	375.497	0.450521	70	127
note	374.574	1.7513	58	127
note	375.497	0.911458	46	127
note	375.497	0.911458	74	127
note	375.96	0.450521	68	127
note	376.443	4.35547	39	127
note	376.443	4.35547	67	127
note	376.443	4.35547	75	127
